버스정류장ARS번호,승차총승객수,하차총승객수,승하차총승객수
0,8,827,835
1001,14189,14080,28269
1002,80235,66363,146598
1003,128037,87992,216029
1004,20998,24660,45658
1005,52719,78222,130941
1006,57017,31024,88041
1007,88614,99562,188176
1008,58221,46057,104278
1009,106184,100553,206737
1010,86940,90919,177859
1011,112995,100476,213471
1012,100956,99424,200380
1013,122935,97284,220219
1014,140298,113666,253964
1015,135181,82649,217830
1016,98092,117830,215922
1017,56025,52916,108941
1018,39522,77983,117505
1019,111327,120802,232129
1020,72524,67414,139938
1021,99429,52778,152207
1022,68488,94449,162937
1023,175040,132489,307529
1037,95390,128723,224113
1041,80985,48754,129739
1044,91562,105195,196757
1101,14392,6564,20956
1102,37615,13388,51003
1103,5535,13502,19037
1104,11533,8431,19964
1105,2455,5610,8065
1106,15405,3489,18894
1107,2401,16823,19224
1108,4374,5871,10245
1109,9240,12304,21544
1110,29352,39823,69175
1111,16610,29788,46398
1112,11697,28780,40477
1113,34617,16860,51477
1114,102789,51587,154376
1115,44744,133746,178490
1116,120962,40810,161772
1117,31873,52981,84854
1118,151716,40424,192140
1119,2052,6116,8168
1120,30218,22240,52458
1123,27195,26388,53583
1124,4960,9407,14367
1125,5684,1122,6806
1126,52471,104211,156682
1127,47358,85079,132437
1128,18169,60988,79157
1129,6845,10395,17240
1130,38700,31687,70387
1131,36044,30214,66258
1132,11650,8099,19749
1133,38450,19763,58213
1134,16962,12048,29010
1135,6326,3895,10221
1136,20496,8603,29099
1137,20477,8418,28895
1138,15486,8167,23653
1139,6049,14647,20696
1140,9554,21199,30753
1141,10699,19233,29932
1142,8256,14834,23090
1143,17667,13464,31131
1144,29666,36962,66628
1146,10710,16686,27396
1148,2136,141,2277
1149,8026,706,8732
1150,16756,5572,22328
1151,8306,9635,17941
1152,32648,12373,45021
1153,15692,19001,34693
1154,473,3797,4270
1155,8672,7413,16085
1156,36441,10244,46685
1157,34811,11177,45988
1158,14358,5899,20257
1159,25079,9403,34482
1160,7353,17338,24691
1161,4004,14282,18286
1162,7695,13475,21170
1163,8897,29468,38365
1164,5639,28099,33738
1165,1592,3753,5345
1167,7604,17110,24714
1168,23947,22294,46241
1169,46025,27177,73202
1171,13875,5563,19438
1172,48219,79701,127920
1173,8670,6385,15055
1174,1068,1290,2358
1175,1284,1785,3069
1176,408,894,1302
1177,2407,2513,4920
1198,55297,55078,110375
1199,62693,38668,101361
1200,104146,63699,167845
1201,47637,29827,77464
1202,35516,47693,83209
1203,11623,19142,30765
1204,10739,21075,31814
1205,43477,24541,68018
1209,4172,3379,7551
1212,21824,17017,38841
1213,1396,1923,3319
1214,18936,19217,38153
1215,13643,15138,28781
1217,7885,11669,19554
1218,16724,27103,43827
1219,53718,73750,127468
1220,85856,103130,188986
1221,75707,27456,103163
1222,15180,10849,26029
1223,33846,13375,47221
1224,26645,47603,74248
1225,10149,11594,21743
1226,10059,9723,19782
1227,50663,54543,105206
1228,27828,40781,68609
1229,100682,47605,148287
1231,10524,18410,28934
1235,5610,6928,12538
1236,5039,5605,10644
1238,8504,10741,19245
1239,32218,13245,45463
1240,63881,14427,78308
1243,24124,61517,85641
1245,5167,5253,10420
1246,1332,9865,11197
1247,18427,26530,44957
1249,5658,7916,13574
1250,2424,5489,7913
1251,373,1195,1568
1252,3801,4675,8476
1253,3905,3133,7038
1254,3603,2925,6528
1256,7399,17003,24402
1262,20608,14228,34836
1267,5588,19030,24618
1272,16777,12991,29768
1277,1998,13829,15827
1278,64205,79754,143959
1279,7625,7023,14648
1286,2612,9585,12197
1287,25033,9972,35005
1288,15284,19650,34934
1289,14313,10557,24870
1291,1374,3076,4450
1292,4906,3584,8490
1293,4099,15532,19631
1294,6141,14195,20336
1295,23742,40650,64392
1297,3846,3633,7479
1500,11506,1814,13320
1501,6623,3242,9865
1502,10912,11302,22214
1503,7879,11266,19145
1505,33224,8802,42026
1506,4112,7624,11736
1507,1467,2671,4138
1508,400,10,410
1509,9692,23,9715
1510,12465,47,12512
1511,4182,34,4216
1512,9247,453,9700
1513,1375,138,1513
1514,505,181,686
1515,729,6,735
1516,1479,1795,3274
1517,206,66,272
1518,11892,81,11973
1519,6148,152,6300
1520,7841,51,7892
1521,15034,930,15964
1522,13,616,629
1523,1659,941,2600
1524,19102,75,19177
1525,724,34,758
1526,1769,3092,4861
1528,1250,1430,2680
1529,7173,235,7408
1530,2030,290,2320
1531,20261,226,20487
1532,6013,2835,8848
1533,38,922,960
1534,8016,2962,10978
1535,5915,57,5972
1536,8350,181,8531
1537,1548,2312,3860
1538,266,84,350
1539,2744,1899,4643
1540,6076,1316,7392
1541,1174,1950,3124
1542,9164,267,9431
1543,3257,10281,13538
1544,48,642,690
1545,4557,3383,7940
1546,2518,157,2675
1547,1883,79,1962
1548,3282,735,4017
1549,981,224,1205
1550,20938,12302,33240
1551,2303,3970,6273
1553,166,1318,1484
1554,11828,6656,18484
1555,5470,566,6036
1556,6514,782,7296
1557,3692,1978,5670
1558,695,2357,3052
1561,55,299,354
1562,1251,2216,3467
1563,2292,1943,4235
1564,3258,809,4067
1565,150,139,289
1566,1243,2911,4154
1567,50,640,690
1568,2535,6752,9287
1569,3600,6748,10348
1570,3910,3303,7213
1571,24,303,327
1572,1809,10266,12075
1573,78,402,480
1574,2306,7727,10033
1576,2502,11651,14153
1577,240,2630,2870
1578,232,7028,7260
1580,135,546,681
1581,1999,8116,10115
1582,4346,2438,6784
1583,555,2508,3063
1584,1049,3124,4173
1586,114,732,846
1587,311,1830,2141
1589,1959,5745,7704
1590,496,1234,1730
1591,203,1082,1285
1592,31586,4325,35911
1593,61,181,242
1594,1547,6473,8020
1595,2589,8323,10912
1596,6379,8605,14984
1597,179,167,346
1598,317,3325,3642
1601,6138,10844,16982
1602,6449,4550,10999
1603,8212,3389,11601
1607,109,359,468
1667,1675,2249,3924
1682,4003,12272,16275
1683,13593,10538,24131
1684,75,445,520
1685,11073,5174,16247
1698,114,239,353
1699,219,445,664
1702,4389,5626,10015
1714,57,203,260
1720,4251,5942,10193
1721,720,2993,3713
1723,178,526,704
1724,256,612,868
1725,31900,11551,43451
1727,653,100,753
1728,523,9907,10430
1729,158,3076,3234
1732,113,301,414
1763,26085,13386,39471
1776,1848,1653,3501
1790,4942,660,5602
1791,80,78,158
1792,212,6560,6772
1793,479,8906,9385
1794,17731,16513,34244
1795,190,367,557
1796,2703,6097,8800
1797,14385,8199,22584
1798,176,88,264
1799,22,163,185
1800,70,8744,8814
1801,108,8292,8400
1802,92,218,310
1803,7869,6426,14295
1804,5005,3122,8127
1805,26711,3140,29851
1807,35,6145,6180
1809,50,106,156
1810,902,668,1570
1812,1103,3674,4777
1814,16,4106,4122
1815,2223,3678,5901
1816,75,147,222
1817,3533,4819,8352
1819,246,1141,1387
1820,299,750,1049
1821,1053,889,1942
1823,87,78,165
1824,1375,2592,3967
1825,1840,2591,4431
1826,509,2597,3106
1827,285,1055,1340
1829,783,25,808
1830,324,728,1052
1831,706,1010,1716
1832,2518,2861,5379
1833,420,7859,8279
1835,1379,46,1425
1836,373,125,498
1837,33,533,566
1839,154,4108,4262
1840,1049,59,1108
1841,11796,5531,17327
1842,86,92,178
1843,142,1259,1401
1844,3109,7259,10368
1845,110,4106,4216
1846,7101,147,7248
1847,1951,9819,11770
1849,347,4190,4537
1850,1571,10242,11813
1851,362,10669,11031
1852,1336,13658,14994
1855,149,6864,7013
1856,8,758,766
1858,238,9860,10098
1860,49,3283,3332
1861,343,160,503
1862,1882,17463,19345
1863,102,413,515
1864,485,20717,21202
1865,255,1631,1886
1866,49,6688,6737
1868,943,1361,2304
1869,39,3122,3161
1870,32,97,129
1872,24,326,350
1873,187,1434,1621
1874,162,368,530
1876,8269,38793,47062
1877,1662,4199,5861
1878,47,1878,1925
1879,4026,4411,8437
1881,9206,21379,30585
1882,7233,1618,8851
1883,1242,807,2049
1887,13119,22755,35874
1888,11120,2369,13489
1889,3482,776,4258
2001,65118,59680,124798
2002,114248,103909,218157
2003,10062,35645,45707
2004,140550,129912,270462
2005,76321,98382,174703
2006,127946,145046,272992
2007,57222,69534,126756
2008,46658,33632,80290
2099,107,11963,12070
2101,36215,27536,63751
2102,17242,19661,36903
2103,32163,10520,42683
2104,23183,10738,33921
2105,10551,23591,34142
2106,9307,13652,22959
2107,22221,18883,41104
2108,7300,11250,18550
2109,9862,8569,18431
2110,60606,61769,122375
2113,72183,23131,95314
2116,16381,7808,24189
2117,3676,1998,5674
2118,22355,10939,33294
2120,4486,7701,12187
2121,7078,520,7598
2122,35177,52317,87494
2123,30425,5402,35827
2124,3972,38686,42658
2125,23347,2166,25513
2126,9737,10177,19914
2127,102560,69036,171596
2128,51624,82224,133848
2131,38953,35099,74052
2132,16964,7728,24692
2133,22867,22702,45569
2135,60771,39582,100353
2137,62682,41846,104528
2139,67722,75838,143560
2140,154704,124054,278758
2141,10490,21250,31740
2142,137852,117755,255607
2144,28980,19279,48259
2145,51323,32560,83883
2146,35103,60903,96006
2147,15837,14158,29995
2148,20867,43339,64206
2149,38081,39643,77724
2150,40051,53229,93280
2151,33651,22592,56243
2152,25331,20959,46290
2153,45831,14463,60294
2154,27602,29046,56648
2155,1276,3095,4371
2156,38394,23953,62347
2157,33553,27275,60828
2158,52517,44644,97161
2159,44265,12035,56300
2160,14358,32223,46581
2161,18703,12392,31095
2162,9703,20562,30265
2163,23355,20620,43975
2164,6878,12880,19758
2165,9694,15199,24893
2166,13176,14322,27498
2167,5519,8047,13566
2168,6701,2778,9479
2169,22130,18761,40891
2170,47739,23784,71523
2171,24100,61157,85257
2172,13912,17023,30935
2173,82209,60512,142721
2174,87461,70814,158275
2177,29768,25321,55089
2178,19214,31464,50678
2179,13950,12828,26778
2180,15512,12897,28409
2181,27230,28664,55894
2182,53252,46099,99351
2183,46301,38607,84908
2184,22813,17039,39852
2187,31089,21651,52740
2188,20425,22797,43222
2189,15480,20515,35995
2190,22212,21094,43306
2191,17143,25700,42843
2192,35933,21080,57013
2193,7949,18121,26070
2194,21419,16503,37922
2195,26004,13891,39895
2196,14872,21200,36072
2197,7214,11745,18959
2198,7892,9692,17584
2199,11097,8912,20009
2201,9364,10103,19467
2202,8776,11428,20204
2203,22345,27487,49832
2204,19573,24020,43593
2205,7011,10116,17127
2206,16486,14837,31323
2207,21079,13083,34162
2208,9416,14524,23940
2209,16676,11834,28510
2210,23073,23972,47045
2211,3887,7116,11003
2212,16112,4161,20273
2213,6965,1832,8797
2214,778,8216,8994
2215,4450,9806,14256
2218,2739,13727,16466
2219,96596,94807,191403
2220,182,485,667
2222,35538,4289,39827
2223,3366,7657,11023
2224,2664,1113,3777
2225,4039,1214,5253
2226,1525,998,2523
2227,2528,2078,4606
2228,1065,1762,2827
2229,9701,7112,16813
2230,3783,8110,11893
2233,8428,8651,17079
2235,6590,6326,12916
2236,16982,11415,28397
2237,11354,19617,30971
2240,1179,650,1829
2241,5809,3462,9271
2242,498,7182,7680
2246,28055,59607,87662
2252,20464,10504,30968
2253,25362,1276,26638
2254,5453,6573,12026
2255,1950,13281,15231
2256,3578,1094,4672
2257,7416,7131,14547
2258,11770,5395,17165
2259,5307,18553,23860
2260,4466,2527,6993
2261,495,7684,8179
2262,1294,1621,2915
2272,4505,5544,10049
2273,8923,7375,16298
2274,5711,8830,14541
2275,4657,6723,11380
2277,16472,6677,23149
2278,4921,1156,6077
2279,1241,289,1530
2280,2164,1540,3704
2281,25723,55591,81314
2282,7167,20147,27314
2284,7674,7018,14692
2285,2980,25871,28851
2286,23806,61804,85610
2288,1619,1133,2752
2289,2708,11687,14395
2291,17930,1859,19789
2501,15087,11104,26191
2502,1561,10290,11851
2503,4701,22230,26931
2505,6226,5559,11785
2506,10621,2688,13309
2507,25146,6845,31991
2510,53919,31726,85645
2513,74,1485,1559
2515,14302,1656,15958
2516,1200,1555,2755
2518,774,1394,2168
2519,1875,3672,5547
2520,2230,19209,21439
2521,13,517,530
2522,2316,2323,4639
2523,2488,2029,4517
2524,24559,3959,28518
2641,14071,9638,23709
2694,2600,445,3045
3001,60822,94420,155242
3002,52217,38231,90448
3003,70655,125918,196573
3004,138859,62757,201616
3005,30895,55036,85931
3006,33504,36168,69672
3007,39056,106406,145462
3008,113202,37081,150283
3009,126365,147508,273873
3010,99686,58265,157951
3011,71284,60973,132257
3012,72215,68459,140674
3110,51207,48573,99780
3111,50693,26762,77455
3119,6280,13568,19848
3120,756,10,766
3121,2,940,942
3122,6055,4857,10912
3124,2676,7445,10121
3125,1293,3068,4361
3126,7738,7050,14788
3127,5748,7233,12981
3128,8628,8525,17153
3129,19182,10861,30043
3130,358,5444,5802
3131,3439,1353,4792
3132,3126,4061,7187
3133,2815,1618,4433
3134,8194,3949,12143
3135,3054,7692,10746
3136,3628,4875,8503
3137,5051,5086,10137
3138,8294,12841,21135
3139,19781,19896,39677
3140,22051,13860,35911
3141,17861,18870,36731
3142,7427,16016,23443
3143,16459,16590,33049
3144,21703,20626,42329
3145,6500,12102,18602
3146,23853,17636,41489
3147,18363,20375,38738
3148,13756,21286,35042
3149,22813,12933,35746
3150,18369,22231,40600
3151,31197,10314,41511
3152,20014,28072,48086
3153,26470,28888,55358
3154,25080,22999,48079
3155,33469,40844,74313
3156,32310,27011,59321
3157,23175,29294,52469
3158,15597,17561,33158
3159,1117,3962,5079
3160,20456,21873,42329
3161,61187,65388,126575
3162,208831,61590,270421
3163,4336,43098,47434
3164,42892,1837,44729
3165,140835,207305,348140
3166,54036,78711,132747
3167,14628,14227,28855
3168,18347,21623,39970
3169,3490,7136,10626
3170,5557,8665,14222
3171,10872,20189,31061
3172,20012,15901,35913
3173,3896,4987,8883
3174,5482,6180,11662
3175,7821,19968,27789
3176,15830,9036,24866
3177,11606,7676,19282
3178,7558,6228,13786
3179,55566,19003,74569
3180,20638,29020,49658
3181,20832,36814,57646
3182,6884,7496,14380
3183,27977,8161,36138
3184,8981,27556,36537
3185,43625,12970,56595
3186,8265,16335,24600
3187,17266,14907,32173
3188,19372,11289,30661
3189,17863,21928,39791
3190,17318,13191,30509
3191,16881,15607,32488
3192,10309,14975,25284
3193,16372,14747,31119
3194,20038,26878,46916
3195,22663,16127,38790
3196,7108,35553,42661
3197,35581,8066,43647
3198,14619,6208,20827
3199,4681,11443,16124
3200,12850,12017,24867
3201,24276,8331,32607
3202,11193,4531,15724
3203,11467,9519,20986
3204,17632,20741,38373
3205,127,7918,8045
3206,3291,2126,5417
3207,280,760,1040
3208,17780,6620,24400
3209,5850,5031,10881
3210,7363,7666,15029
3211,3897,11135,15032
3212,24377,24238,48615
3213,31189,15992,47181
3214,4853,10267,15120
3215,17166,9742,26908
3216,10456,15846,26302
3217,22364,16617,38981
3218,20349,19766,40115
3219,15300,14588,29888
3220,12857,13279,26136
3221,15691,7009,22700
3222,12982,13323,26305
3223,16232,13773,30005
3224,6655,12210,18865
3225,31772,15592,47364
3226,12195,20992,33187
3227,36855,36581,73436
3228,13677,17058,30735
3229,18378,17166,35544
3230,24121,9606,33727
3231,15104,15790,30894
3232,6150,7562,13712
3233,5380,14702,20082
3234,7993,16023,24016
3235,11737,29834,41571
3236,9145,9192,18337
3237,3624,8015,11639
3238,5322,6605,11927
3239,6599,6690,13289
3240,7238,7123,14361
3241,7464,8178,15642
3242,3654,8100,11754
3243,3278,6800,10078
3244,7306,3309,10615
3245,2508,4529,7037
3246,3761,3069,6830
3247,17026,8454,25480
3248,6223,10434,16657
3249,1535,6505,8040
3250,6657,2653,9310
3251,2323,6449,8772
3252,8129,9080,17209
3253,22879,9989,32868
3255,64896,35262,100158
3256,4661,3419,8080
3257,3227,11306,14533
3258,21092,15461,36553
3259,8248,3638,11886
3260,2090,5936,8026
3261,3556,3079,6635
3262,3451,3480,6931
3263,1939,9356,11295
3264,11994,3546,15540
3265,5849,5694,11543
3266,6479,9328,15807
3267,11249,6893,18142
3268,2006,1574,3580
3269,3174,2090,5264
3270,961,859,1820
3272,5561,8847,14408
3273,7752,5317,13069
3274,13856,8590,22446
3275,13027,9719,22746
3276,10959,12011,22970
3277,32179,28534,60713
3278,29303,15353,44656
3279,40023,21477,61500
3280,21742,26538,48280
3281,17276,27642,44918
3282,20362,26325,46687
3283,42639,15432,58071
3284,13320,41067,54387
3285,21044,8234,29278
3286,19785,22944,42729
3287,1138,3185,4323
3288,866,4670,5536
3289,7320,3037,10357
3290,3435,10788,14223
3291,13583,3469,17052
3292,3040,16194,19234
3293,16870,2858,19728
3294,5201,20746,25947
3295,17443,5579,23022
3296,168,2477,2645
3297,8027,5664,13691
3298,10341,16343,26684
3299,18302,10521,28823
3300,12221,11026,23247
3301,12617,8876,21493
3302,8370,9774,18144
3303,2260,1261,3521
3304,9952,7835,17787
3305,4418,4650,9068
3306,6607,270,6877
3307,156,6320,6476
3308,6024,237,6261
3309,149,7535,7684
3310,1575,1481,3056
3311,246,2603,2849
3312,4445,3624,8069
3313,6508,5159,11667
3319,11705,12643,24348
3320,90663,86138,176801
3321,2974,46,3020
3322,6,2178,2184
3323,899,1025,1924
3324,5189,7998,13187
3325,6324,7897,14221
3326,665,3645,4310
3327,10148,12776,22924
3328,2597,25018,27615
3330,7949,1684,9633
3331,12340,3557,15897
3332,3971,5046,9017
3334,9204,11919,21123
3335,7644,2556,10200
3336,517,1457,1974
3338,570,2710,3280
3339,476,857,1333
3340,32885,26333,59218
3341,23185,27014,50199
3342,2694,3112,5806
3343,1740,7322,9062
3344,2455,16623,19078
3345,10263,7128,17391
3346,36378,20149,56527
3347,7869,18467,26336
3500,9181,14621,23802
3501,25744,6833,32577
3502,6241,4073,10314
3503,6450,518,6968
3504,3822,203,4025
3505,4474,139,4613
3506,4670,1098,5768
3508,4690,13807,18497
3509,8297,313,8610
3510,8783,2476,11259
3511,82,1178,1260
3512,4981,443,5424
3513,6837,5268,12105
3515,1246,3648,4894
3516,5756,696,6452
3517,21833,17080,38913
3518,4119,1668,5787
3519,2172,5132,7304
3520,1001,264,1265
3521,9879,1714,11593
3522,2070,3426,5496
3523,1588,1750,3338
3524,1897,6441,8338
3525,3687,2405,6092
3526,775,1291,2066
3527,564,87,651
3529,21387,7728,29115
3530,2851,2001,4852
3532,7802,5823,13625
3533,782,679,1461
3534,2210,3827,6037
3536,2642,13789,16431
3537,513,1215,1728
3540,1901,1687,3588
3541,7817,32364,40181
3542,3009,1538,4547
3543,583,758,1341
3544,1159,886,2045
3545,355,970,1325
3546,6962,1824,8786
3549,454,1349,1803
3550,1575,127,1702
3551,2894,463,3357
3552,7248,8886,16134
3553,698,1458,2156
3557,2377,6892,9269
3560,691,1408,2099
3561,12962,8448,21410
3563,605,1001,1606
3564,7405,1951,9356
3565,27974,6191,34165
3566,393,1198,1591
3567,5188,1224,6412
3568,1242,1531,2773
3569,68,823,891
3570,0,4,4
3571,2043,6693,8736
3572,1472,2883,4355
3573,10594,21062,31656
3574,5820,10939,16759
3577,4228,4344,8572
3578,40,558,598
3579,1547,3912,5459
3580,4918,6307,11225
3581,1755,4979,6734
3582,11468,8486,19954
3583,1537,10847,12384
3584,2754,4078,6832
3585,226,5220,5446
3586,2920,9590,12510
3588,11120,33760,44880
3589,3235,3773,7008
3590,3933,4940,8873
3591,1628,3222,4850
3592,3281,4792,8073
3593,309,11277,11586
3594,5161,2058,7219
3595,2535,50,2585
3596,7714,6199,13913
3597,5157,7856,13013
3598,4431,7962,12393
3688,3680,15879,19559
3689,463,13,476
3699,2204,7445,9649
3700,1366,7735,9101
3709,46,5472,5518
3737,4086,11377,15463
3742,340,1206,1546
3743,624,507,1131
3744,2401,1543,3944
3753,2091,23,2114
3754,49,2724,2773
4001,40225,50378,90603
4002,38978,48562,87540
4003,62575,61426,124001
4101,18595,13186,31781
4102,36479,74251,110730
4103,16674,31267,47941
4104,9802,14133,23935
4105,5252,11183,16435
4106,17870,19058,36928
4107,17306,15364,32670
4108,6051,3077,9128
4109,29023,20224,49247
4110,24040,30678,54718
4112,23553,43725,67278
4113,43634,14729,58363
4114,11323,27992,39315
4116,4109,9409,13518
4117,15486,6517,22003
4118,6211,7024,13235
4119,32370,28473,60843
4120,40613,40706,81319
4121,15088,15472,30560
4122,13873,31951,45824
4123,2487,3103,5590
4124,3025,15155,18180
4125,21279,3917,25196
4126,6985,10585,17570
4127,9302,7730,17032
4128,5269,5081,10350
4129,35590,20930,56520
4130,27349,39893,67242
4131,31891,31495,63386
4132,56281,50071,106352
4133,26716,17901,44617
4134,8059,24654,32713
4135,8042,8517,16559
4136,12554,8969,21523
4137,9382,17305,26687
4138,7143,8359,15502
4139,10459,19562,30021
4140,41409,42732,84141
4141,27482,11810,39292
4142,13877,21116,34993
4143,4863,3575,8438
4145,5570,8920,14490
4146,13602,10788,24390
4147,3813,4381,8194
4148,2087,2934,5021
4149,12422,8453,20875
4150,7866,8319,16185
4151,14286,5041,19327
4152,3249,8917,12166
4153,42731,19840,62571
4154,31337,34792,66129
4155,13175,27574,40749
4156,12162,4469,16631
4157,12609,14705,27314
4158,10548,15658,26206
4159,17455,12121,29576
4160,10094,17832,27926
4161,19669,11990,31659
4162,15826,16243,32069
4163,2503,3584,6087
4164,1025,9179,10204
4165,4242,1676,5918
4166,1487,6268,7755
4167,5421,3479,8900
4168,6013,6958,12971
4169,14279,15438,29717
4170,20220,9432,29652
4171,2416,12033,14449
4172,12669,2010,14679
4173,11733,2016,13749
4174,2723,11602,14325
4175,6590,9098,15688
4176,1651,8219,9870
4177,28098,15483,43581
4178,19520,19260,38780
4179,26781,7808,34589
4180,10716,27340,38056
4181,8983,3075,12058
4182,2033,7008,9041
4183,3187,116,3303
4184,132,3258,3390
4185,14704,9476,24180
4186,2675,12925,15600
4187,8053,7671,15724
4188,5432,12613,18045
4189,51260,22057,73317
4190,16268,12209,28477
4191,5473,4885,10358
4192,5601,8808,14409
4193,5044,2250,7294
4194,1561,7432,8993
4195,11520,1705,13225
4196,1622,12793,14415
4197,13395,2585,15980
4198,4680,9324,14004
4199,2047,12604,14651
4200,16380,2052,18432
4201,1853,10367,12220
4202,11873,3122,14995
4203,1626,1850,3476
4204,2771,2228,4999
4205,157,2507,2664
4206,5119,1620,6739
4207,31267,20956,52223
4208,8025,8901,16926
4209,11889,12303,24192
4210,9640,8403,18043
4211,5330,5581,10911
4212,9242,16025,25267
4213,30598,11731,42329
4214,12510,10667,23177
4215,12209,8234,20443
4216,7153,8621,15774
4217,17669,12544,30213
4218,23070,9971,33041
4221,1694,3200,4894
4222,15346,19354,34700
4223,15334,19644,34978
4226,546,6009,6555
4227,13379,228,13607
4228,70,4208,4278
4229,3209,70,3279
4230,85,2325,2410
4231,1377,1142,2519
4232,4571,2110,6681
4233,1795,3378,5173
4234,377,3191,3568
4236,13441,14170,27611
4237,12127,5241,17368
4238,11642,8501,20143
4239,10007,10633,20640
4240,18629,19267,37896
4241,137,1432,1569
4242,2601,704,3305
4243,998,3081,4079
4244,3933,1741,5674
4245,1373,3753,5126
4246,3606,1932,5538
4247,528,4265,4793
4252,3049,1175,4224
4253,11587,7861,19448
4254,6849,5636,12485
4255,5397,5850,11247
4256,2619,6441,9060
4257,6416,4577,10993
4258,254,7735,7989
4259,8756,96,8852
4261,2663,908,3571
4264,4508,1586,6094
4265,403,1294,1697
4266,1055,360,1415
4267,2711,6503,9214
4268,4883,7777,12660
4269,3817,4021,7838
4270,2337,3837,6174
4271,4068,10161,14229
4272,19449,10704,30153
4273,1461,1796,3257
4275,8570,6449,15019
4276,10713,9772,20485
4277,5679,7267,12946
4278,6094,7634,13728
4279,16059,11481,27540
4280,12850,8948,21798
4281,6114,5369,11483
4282,4157,1032,5189
4286,3660,201,3861
4288,1986,1514,3500
4289,2961,3243,6204
4290,9140,8511,17651
4291,306,1719,2025
4293,18822,20408,39230
4295,7248,8552,15800
4298,4520,3786,8306
4301,21212,35807,57019
4302,48180,29125,77305
4303,1283,1755,3038
4304,2404,2039,4443
4305,6955,150,7105
4306,409,854,1263
4500,6515,5383,11898
4501,4936,9975,14911
4502,4043,2625,6668
4503,8253,346,8599
4504,11625,7128,18753
4505,51629,21471,73100
4506,2239,221,2460
4507,2143,55,2198
4509,248,409,657
4510,60064,36029,96093
4511,1720,4809,6529
4512,1786,251,2037
4513,218,40,258
4514,1329,12,1341
4515,961,1354,2315
4516,7126,4633,11759
4517,2413,3697,6110
4518,5857,333,6190
4519,2582,135,2717
4520,6906,2533,9439
4521,298,4213,4511
4522,116,9,125
4523,16996,2668,19664
4524,2542,989,3531
4526,1632,313,1945
4527,788,176,964
4528,1822,2668,4490
4529,598,72,670
4530,1256,1682,2938
4531,249,1181,1430
4533,147,4343,4490
4535,3787,3353,7140
4536,15375,625,16000
4538,316,1953,2269
4539,1754,764,2518
4540,373,19169,19542
4541,1088,1266,2354
4542,5561,4953,10514
4544,1327,2980,4307
4545,335,2617,2952
4546,125,1557,1682
4547,3865,1433,5298
4548,479,654,1133
4549,966,892,1858
4550,6,60,66
4551,3490,1443,4933
4552,1864,5646,7510
4553,1295,5243,6538
4554,7452,9156,16608
4556,3562,2548,6110
4557,3699,1467,5166
4559,989,5110,6099
4560,8035,10749,18784
4562,1735,2364,4099
4563,4045,2156,6201
4564,151,609,760
4565,1753,557,2310
4566,266,2157,2423
4567,1656,3849,5505
4569,21967,179,22146
4570,1313,3172,4485
4572,24,831,855
4573,4098,6713,10811
4574,70583,36336,106919
4575,1248,385,1633
4577,1390,206,1596
4578,2546,18846,21392
4579,10477,3621,14098
4582,10,550,560
4583,611,2188,2799
4584,3853,4665,8518
4585,771,2418,3189
4586,163,1563,1726
4587,20,2335,2355
4588,503,1280,1783
4589,18923,8919,27842
4590,2257,6582,8839
4591,655,7294,7949
4593,1486,2524,4010
4594,15484,3654,19138
4595,9836,8693,18529
4596,1568,1049,2617
4597,1377,3181,4558
4598,6858,3733,10591
4599,296,2242,2538
4600,3644,3539,7183
4602,509,1818,2327
4603,3887,10011,13898
4615,1194,2047,3241
4648,2667,6578,9245
4651,549,849,1398
4658,1980,8631,10611
4659,1451,2145,3596
4667,163,6569,6732
4668,3518,1297,4815
4669,4115,8942,13057
4670,1880,2483,4363
4671,2324,2806,5130
4672,3473,5255,8728
4674,3799,16009,19808
4677,763,1449,2212
4679,9359,3082,12441
4680,42,493,535
4684,8,996,1004
4685,1177,2816,3993
4686,1197,2642,3839
4691,72,5202,5274
4696,2029,2512,4541
4697,4639,1842,6481
4698,1192,5541,6733
4699,1776,866,2642
4700,3038,805,3843
4701,1491,6051,7542
4702,2431,484,2915
4706,5837,1794,7631
4739,4321,2641,6962
4740,772,175,947
4741,170,8089,8259
4742,1411,2096,3507
4743,429,301,730
4744,812,932,1744
4745,105,614,719
4746,4538,2505,7043
4748,405,1600,2005
4749,3639,3279,6918
4750,2168,3548,5716
4751,2709,4607,7316
4753,10255,24358,34613
4754,24,59,83
4755,293,18,311
4756,879,57,936
4757,80,17,97
4758,42,3525,3567
4759,1511,9,1520
4760,5,461,466
4761,2853,4823,7676
4762,8460,34169,42629
4763,83,3212,3295
4764,11222,244,11466
4765,22955,2438,25393
4766,2611,427,3038
4767,54,4160,4214
4770,481,2483,2964
4771,537,2011,2548
4772,1243,2377,3620
4773,2062,2062,4124
4774,2820,894,3714
4775,668,398,1066
4776,746,1351,2097
4780,841,2723,3564
4800,198,1499,1697
4801,546,841,1387
4802,1157,895,2052
4803,583,830,1413
4804,657,1228,1885
4805,1653,1566,3219
4807,1475,87,1562
4808,734,294,1028
4809,893,899,1792
4811,2239,5820,8059
4812,6074,919,6993
4814,518,240,758
4815,706,522,1228
4816,138,982,1120
4817,997,1971,2968
4818,882,816,1698
4819,246,620,866
4820,195,516,711
4821,712,1311,2023
4822,2231,493,2724
4823,442,235,677
4824,57,247,304
4825,19,638,657
4826,12,1181,1193
4827,577,648,1225
4828,107,1350,1457
4829,192,660,852
4830,219,574,793
4831,247,1128,1375
4832,1700,2290,3990
4833,2221,2034,4255
4834,2129,1395,3524
4835,3844,419,4263
4836,6721,4846,11567
4837,789,9,798
4839,392,268,660
4840,24,1138,1162
4842,19,1219,1238
4843,137,1088,1225
4844,662,670,1332
4845,1684,4407,6091
4846,132,5643,5775
4847,6720,193,6913
4848,3809,4509,8318
4849,1199,1863,3062
4850,1083,1694,2777
4851,970,528,1498
4852,77,1150,1227
4854,278,1170,1448
4855,80,1318,1398
4856,215,597,812
4857,581,996,1577
4858,801,3557,4358
4859,1183,97,1280
4860,837,205,1042
4861,453,61,514
4862,4367,240,4607
4863,950,141,1091
4864,857,1403,2260
4865,670,259,929
4866,704,1431,2135
4867,1955,992,2947
4868,1910,856,2766
4871,339,694,1033
4872,33843,40843,74686
4873,287,438,725
4876,541,313,854
4877,398,1203,1601
4878,30,1895,1925
4879,47,1085,1132
4883,75,1394,1469
4884,2981,1040,4021
4885,641,969,1610
4886,25,932,957
4887,1472,1487,2959
4888,1331,1156,2487
4889,2645,109,2754
4890,963,98,1061
4891,91,1384,1475
4892,132,1290,1422
4893,99,812,911
4894,36,690,726
4895,87,2402,2489
4896,829,47,876
4897,8586,3974,12560
4898,387,550,937
4899,352,360,712
4904,307,2151,2458
4905,593,23,616
4906,640,5113,5753
4907,2355,1933,4288
4908,223,2330,2553
4909,615,7,622
4910,2403,3543,5946
4911,302,257,559
4912,596,488,1084
4913,232,121,353
4914,2126,361,2487
5001,49006,40213,89219
5002,35050,49638,84688
5003,39521,39432,78953
5004,54951,44843,99794
5005,29648,35778,65426
5006,55813,53379,109192
5007,78573,75253,153826
5008,17372,25527,42899
5009,8247,15252,23499
5010,12045,17426,29471
5011,39495,19077,58572
5012,19014,37090,56104
5101,5398,6838,12236
5102,3925,2695,6620
5103,3231,6751,9982
5104,11498,6932,18430
5105,2575,7506,10081
5106,3739,4721,8460
5107,3489,11896,15385
5108,6435,2869,9304
5109,7622,7405,15027
5111,12276,3870,16146
5112,11829,6658,18487
5113,5017,12122,17139
5114,4538,9523,14061
5115,1988,4543,6531
5116,16920,7700,24620
5117,4782,5904,10686
5118,32984,15078,48062
5119,1791,4779,6570
5120,5151,6275,11426
5121,8256,5314,13570
5122,6684,8177,14861
5123,6267,5255,11522
5124,19450,5156,24606
5125,3493,5997,9490
5126,11816,7583,19399
5127,5059,5814,10873
5128,16433,6492,22925
5129,13977,8340,22317
5130,4271,4316,8587
5131,10632,10495,21127
5132,3624,5989,9613
5133,5773,6071,11844
5134,20024,7435,27459
5135,4723,7741,12464
5136,5108,7837,12945
5137,5767,14757,20524
5138,17254,19310,36564
5139,20086,24628,44714
5140,20375,25177,45552
5141,23063,30372,53435
5142,10711,7410,18121
5143,4995,13363,18358
5144,4048,13029,17077
5145,40692,43687,84379
5146,24884,11745,36629
5147,7331,6211,13542
5148,57706,36991,94697
5149,27579,17082,44661
5150,7315,12734,20049
5151,19963,14527,34490
5152,12791,30034,42825
5153,17154,25147,42301
5154,21975,18536,40511
5155,12035,6268,18303
5157,11743,5755,17498
5158,2455,9200,11655
5162,39596,25423,65019
5163,1376,8164,9540
5164,8817,9610,18427
5165,13047,9013,22060
5166,11597,2240,13837
5167,1322,9151,10473
5168,1361,9438,10799
5169,19186,2485,21671
5170,5964,6455,12419
5175,31704,54056,85760
5176,17039,7087,24126
5177,5637,12041,17678
5178,8233,7585,15818
5179,5825,9363,15188
5180,11661,30708,42369
5181,52,577,629
5182,236,61,297
5183,13716,21084,34800
5185,19572,33497,53069
5187,13956,25040,38996
5188,37876,27755,65631
5189,25728,4187,29915
5190,32310,14218,46528
5191,42226,15886,58112
5192,12550,22005,34555
5193,29541,11478,41019
5194,22981,34435,57416
5199,10857,17683,28540
5200,11824,10381,22205
5201,5597,8164,13761
5202,5017,1436,6453
5203,15275,17641,32916
5204,53290,35680,88970
5205,43989,24918,68907
5209,38,16435,16473
5210,4255,11692,15947
5211,14545,4352,18897
5212,10951,6108,17059
5213,5457,13105,18562
5214,5257,12154,17411
5215,14393,12395,26788
5216,17646,20891,38537
5217,21939,38235,60174
5218,52424,55689,108113
5219,6992,8286,15278
5220,29373,54155,83528
5221,11806,7673,19479
5222,8065,1065,9130
5223,773,6710,7483
5224,13200,10489,23689
5225,14116,15074,29190
5226,24133,16539,40672
5227,25541,32128,57669
5228,10833,29406,40239
5229,15017,56034,71051
5230,35187,9232,44419
5231,25983,10296,36279
5232,120518,46450,166968
5233,2757,7780,10537
5234,25441,35384,60825
5235,11263,14060,25323
5236,11939,9945,21884
5237,1671,3689,5360
5238,6657,3523,10180
5239,5590,11170,16760
5240,2370,6831,9201
5241,5804,3052,8856
5242,3206,5235,8441
5243,17042,9119,26161
5244,6568,8621,15189
5245,10268,10926,21194
5246,10501,9685,20186
5247,16916,10858,27774
5248,8376,10778,19154
5249,22147,16776,38923
5250,23898,27073,50971
5251,12060,14908,26968
5252,14556,13435,27991
5253,38227,46116,84343
5254,5222,2864,8086
5255,1266,2617,3883
5258,25741,19053,44794
5260,11475,20771,32246
5261,10452,112,10564
5262,2803,863,3666
5263,14121,10335,24456
5265,3392,4411,7803
5267,20822,22439,43261
5268,220,128,348
5269,247,121,368
5270,295,390,685
5271,30,9,39
5272,4517,10000,14517
5273,12720,8935,21655
5298,3383,2822,6205
5299,4522,548,5070
5499,1578,21829,23407
5500,867,6,873
5501,3,1013,1016
5503,1691,711,2402
5504,9769,4769,14538
5505,1451,149,1600
5506,41,1010,1051
5508,3924,7,3931
5509,526,13,539
5510,7,1311,1318
5511,1429,3413,4842
5512,3134,188,3322
5513,2531,17,2548
5514,2611,526,3137
5515,950,5,955
5517,6219,1037,7256
5518,1558,44,1602
5519,1468,2878,4346
5522,3932,562,4494
5523,646,346,992
5527,4733,965,5698
5528,4886,1362,6248
5531,4741,1720,6461
5533,3903,1728,5631
5535,5453,656,6109
5536,9543,2616,12159
5537,523,3141,3664
5539,2173,4063,6236
5540,3380,1969,5349
5541,5999,1574,7573
5542,8967,3380,12347
5543,5338,12829,18167
5544,2200,3616,5816
5545,2960,1174,4134
5549,4786,2303,7089
5550,6678,2389,9067
5551,3676,9562,13238
5553,4886,2101,6987
5554,2232,2859,5091
5555,1022,2090,3112
5556,890,1754,2644
5558,7949,2446,10395
5559,589,1208,1797
5560,868,1480,2348
5561,181,1869,2050
5562,6343,7887,14230
5563,6628,3762,10390
5564,44,1589,1633
5565,1189,3059,4248
5566,235,6737,6972
5569,9,1377,1386
5571,153,3159,3312
5572,4060,2961,7021
5574,34,2903,2937
5576,2045,2288,4333
5578,863,4207,5070
5579,2868,9464,12332
5580,2942,44926,47868
5581,149,2780,2929
5582,30596,30056,60652
5584,123,692,815
5585,6210,867,7077
5587,2222,3159,5381
5588,1963,2962,4925
5589,2105,3001,5106
5591,1256,48,1304
5594,38045,2861,40906
5595,1681,162,1843
5596,9908,5811,15719
5597,4059,587,4646
5599,10484,10318,20802
5600,546,796,1342
5668,9816,5063,14879
5670,949,643,1592
5671,376,843,1219
5672,1407,4549,5956
5677,5345,3489,8834
5679,4874,1318,6192
5680,4142,3397,7539
5687,4011,11299,15310
5690,1244,4224,5468
5709,1392,4066,5458
5710,2319,841,3160
5713,914,4796,5710
5714,691,2088,2779
5716,1598,5136,6734
5717,1658,6830,8488
5718,1482,7932,9414
5720,2375,7690,10065
5721,11482,2242,13724
5723,1940,4481,6421
5724,1150,698,1848
5726,117,4576,4693
5727,764,2444,3208
5728,1231,2664,3895
5731,538,3076,3614
5732,667,3217,3884
5733,25,7544,7569
5735,1766,3347,5113
5737,326,3105,3431
5739,52,4730,4782
5740,62,1967,2029
5741,250,3183,3433
5742,5,1265,1270
5744,438,2997,3435
5752,2948,7351,10299
5755,5555,1006,6561
5757,2235,1062,3297
5990,934,679,1613
5991,1984,7926,9910
5992,98,1210,1308
5993,268,1078,1346
5994,159,424,583
5999,24019,28891,52910
6001,49449,28494,77943
6002,43139,32981,76120
6003,55848,62711,118559
6004,12728,17816,30544
6005,17969,22867,40836
6006,21421,31284,52705
6007,22767,33666,56433
6008,23214,55332,78546
6009,45464,59927,105391
6010,51019,40097,91116
6011,52680,57558,110238
6012,68614,52866,121480
6013,20350,27872,48222
6014,48627,53692,102319
6015,146957,200396,347353
6016,42562,30788,73350
6017,27495,16160,43655
6018,94419,38221,132640
6019,185325,83755,269080
6020,43542,47211,90753
6021,32120,74750,106870
6022,101488,92521,194009
6023,79982,89727,169709
6024,75666,64732,140398
6025,41181,50181,91362
6026,32540,39819,72359
6027,54074,46673,100747
6028,24714,49088,73802
6101,22791,25349,48140
6102,24578,18542,43120
6103,2862,7241,10103
6104,6014,2923,8937
6106,9942,5127,15069
6107,63490,33211,96701
6112,1265,2209,3474
6113,8662,20588,29250
6114,81428,61821,143249
6115,167,1278,1445
6117,27187,38261,65448
6118,3219,17533,20752
6121,9139,4242,13381
6122,30436,33191,63627
6123,48329,35738,84067
6124,18901,26297,45198
6125,14419,27225,41644
6126,62224,32652,94876
6127,34018,47196,81214
6128,11408,10105,21513
6129,6428,15320,21748
6130,21702,7049,28751
6131,9515,22549,32064
6132,14074,5073,19147
6133,4971,11493,16464
6134,15580,8808,24388
6135,4599,10128,14727
6136,11516,17788,29304
6137,3678,3760,7438
6138,1405,2440,3845
6140,7311,16436,23747
6141,11922,7070,18992
6142,31032,41925,72957
6143,37799,20831,58630
6144,24197,25567,49764
6145,14479,10410,24889
6146,11176,11359,22535
6147,14264,10772,25036
6148,14159,15237,29396
6149,11583,13954,25537
6150,30323,13457,43780
6151,13565,17749,31314
6152,18549,26746,45295
6153,22430,14783,37213
6154,9788,15794,25582
6155,38553,33018,71571
6156,13807,15828,29635
6157,5466,20800,26266
6158,34316,64906,99222
6159,11937,10566,22503
6160,16483,12707,29190
6161,9751,13342,23093
6162,24631,18662,43293
6163,41765,17240,59005
6164,17722,20056,37778
6165,22781,44270,67051
6166,26464,23232,49696
6167,36263,20139,56402
6168,14062,22580,36642
6169,44150,37355,81505
6170,12440,17722,30162
6171,34646,31028,65674
6172,14853,18784,33637
6173,42099,36822,78921
6174,33872,39235,73107
6175,61792,44883,106675
6176,18040,17820,35860
6177,25064,27572,52636
6178,12704,17421,30125
6179,9112,10266,19378
6180,6987,6223,13210
6181,4032,11126,15158
6182,22556,20549,43105
6183,16345,13881,30226
6184,19720,12895,32615
6185,18607,18830,37437
6186,25908,24356,50264
6187,38374,38828,77202
6188,42091,36977,79068
6189,35751,45847,81598
6190,40574,25402,65976
6191,23487,35860,59347
6192,25439,25265,50704
6193,23109,15902,39011
6194,25356,25669,51025
6195,32602,24748,57350
6196,15313,11992,27305
6197,17941,12486,30427
6198,20033,12277,32310
6199,8998,14626,23624
6200,50446,20911,71357
6201,6985,27026,34011
6202,17176,10510,27686
6203,18496,22003,40499
6204,11321,8267,19588
6205,11774,19577,31351
6206,21035,13080,34115
6207,18239,19417,37656
6208,7825,12340,20165
6209,19476,20466,39942
6210,33791,14567,48358
6211,14112,29095,43207
6212,35683,30623,66306
6213,42086,31654,73740
6214,15656,24850,40506
6215,21213,12214,33427
6216,3522,46840,50362
6217,7948,5226,13174
6218,14812,10851,25663
6219,8152,15311,23463
6220,15298,10655,25953
6221,8423,11073,19496
6222,2924,5492,8416
6223,10327,5308,15635
6224,4229,5807,10036
6225,19484,16182,35666
6226,8485,9548,18033
6227,5082,9951,15033
6228,4672,8677,13349
6229,4130,12656,16786
6230,4810,13922,18732
6231,13067,7062,20129
6232,10853,20082,30935
6233,12528,5992,18520
6234,19740,10621,30361
6235,47994,30247,78241
6236,26085,23697,49782
6237,13582,8875,22457
6238,6135,13091,19226
6239,17345,12394,29739
6240,15269,16052,31321
6241,12747,13640,26387
6242,22671,18824,41495
6243,5567,24445,30012
6244,41837,15248,57085
6245,5851,21689,27540
6246,51727,13739,65466
6247,6346,25801,32147
6248,15511,39701,55212
6249,9073,16285,25358
6250,4941,5807,10748
6251,34921,107600,142521
6252,102822,20298,123120
6253,34054,31578,65632
6254,7528,13067,20595
6255,12183,6457,18640
6256,3708,16234,19942
6257,15242,4387,19629
6258,4057,1296,5353
6259,4921,1880,6801
6260,1553,1523,3076
6261,1574,2548,4122
6262,9349,3312,12661
6263,6055,4011,10066
6264,4774,8576,13350
6265,11963,4318,16281
6266,3307,2220,5527
6267,3388,5674,9062
6268,1160,982,2142
6269,60438,51114,111552
6270,39420,33291,72711
6271,28932,22240,51172
6272,15601,23639,39240
6273,18126,7588,25714
6274,6056,3797,9853
6275,4786,14136,18922
6276,5372,8081,13453
6277,9922,9207,19129
6278,5467,1510,6977
6279,1872,2461,4333
6280,10316,2190,12506
6281,3402,9854,13256
6282,2380,5442,7822
6283,4397,8523,12920
6284,9594,4226,13820
6285,10988,12525,23513
6286,1724,4910,6634
6287,1594,544,2138
6288,706,2262,2968
6289,378,4372,4750
6290,2218,1646,3864
6291,2995,5256,8251
6293,11077,3926,15003
6294,4780,11570,16350
6295,4135,6412,10547
6297,6216,695,6911
6298,20616,19898,40514
6299,2536,3072,5608
6300,2714,4896,7610
6301,5883,4374,10257
6302,3780,4856,8636
6303,1548,2701,4249
6304,23974,20538,44512
6308,10123,2795,12918
6309,9969,6423,16392
6310,19902,11023,30925
6311,1979,3724,5703
6313,2260,4237,6497
6314,1755,2724,4479
6315,4082,25605,29687
6316,2690,8367,11057
6318,8333,5826,14159
6320,19558,18633,38191
6321,13506,23319,36825
6322,9977,18882,28859
6324,14734,1253,15987
6330,1208,6778,7986
6335,1745,1337,3082
6349,4258,15622,19880
6351,237,12,249
6356,14279,30266,44545
6357,2062,2640,4702
6358,7762,1281,9043
6359,28,4014,4042
6416,8107,3128,11235
6417,12318,10043,22361
6418,31774,31492,63266
6419,1295,250,1545
6422,6983,8639,15622
6423,3924,6021,9945
6424,2553,2668,5221
6426,111297,65732,177029
6500,9894,163,10057
6501,2620,3755,6375
6502,161430,109350,270780
6503,2248,105,2353
6504,1624,197,1821
6505,605,1722,2327
6506,455,9370,9825
6507,7787,7139,14926
6509,206,3683,3889
6510,79584,82063,161647
6511,1602,1352,2954
6513,144,2406,2550
6515,2572,1893,4465
6517,505,8261,8766
6519,464,609,1073
6521,1381,7901,9282
6523,2245,1788,4033
6524,10728,286,11014
6526,1645,2638,4283
6528,8077,10694,18771
6530,1287,1290,2577
6533,750,1178,1928
6535,35,336,371
6537,1133,2588,3721
6539,13731,6260,19991
6543,147,1285,1432
6546,23309,22492,45801
6556,7215,2543,9758
6557,26860,5007,31867
6560,2592,834,3426
6564,318,372,690
6567,1179,596,1775
6570,159,1606,1765
6572,772,2306,3078
6575,2085,932,3017
6576,1354,630,1984
6577,699,872,1571
6578,4388,1847,6235
6579,937,1381,2318
6580,1049,1147,2196
6581,2897,2364,5261
6582,1554,1685,3239
6583,455,1904,2359
6584,176,1236,1412
6585,26,2532,2558
6586,34,7150,7184
6587,19,2782,2801
6588,86,660,746
6591,18577,11064,29641
6594,202,29630,29832
6595,2278,1227,3505
6774,9592,11999,21591
6775,40381,20002,60383
6776,33751,21238,54989
6779,18703,16383,35086
6780,2010,7257,9267
6781,1902,961,2863
6999,758,1032,1790
7001,56699,41405,98104
7002,36019,72545,108564
7003,66640,70151,136791
7004,42585,60289,102874
7005,59420,87015,146435
7006,93435,64454,157889
7007,60089,26281,86370
7008,32230,46475,78705
7009,35976,24260,60236
7010,29357,46861,76218
7011,37335,7981,45316
7012,7823,27760,35583
7013,61,53,114
7014,2771,8438,11209
7015,107,78,185
7016,82,28,110
7017,22,129,151
7018,50,33,83
7020,67,124,191
7021,352,182,534
7043,11,1130,1141
7045,979,12,991
7054,0,41,41
7055,0,78,78
7057,1,210,211
7058,159,0,159
7060,31,1,32
7101,11666,8417,20083
7102,8076,7282,15358
7103,10553,5701,16254
7104,7179,10272,17451
7105,20754,17962,38716
7106,14645,22265,36910
7107,32261,30897,63158
7108,30778,28268,59046
7109,32838,21587,54425
7110,22571,35683,58254
7111,18110,17624,35734
7112,14196,15675,29871
7113,9108,11463,20571
7114,8482,9593,18075
7115,9668,10854,20522
7116,8958,7588,16546
7117,15578,10779,26357
7118,10319,13293,23612
7119,2859,3896,6755
7120,1968,7012,8980
7121,23924,22539,46463
7122,11757,9085,20842
7123,12984,17982,30966
7124,8863,6577,15440
7125,5297,5521,10818
7128,2976,10001,12977
7129,20419,27794,48213
7130,6583,6075,12658
7131,26343,25607,51950
7132,5127,1134,6261
7133,2457,653,3110
7134,3707,16677,20384
7135,13853,7161,21014
7136,479,1111,1590
7137,7872,2396,10268
7138,389,1149,1538
7140,6783,1998,8781
7141,1521,5083,6604
7142,223,519,742
7143,24466,9465,33931
7144,5561,13570,19131
7145,14279,9078,23357
7146,2326,10249,12575
7147,7498,2369,9867
7148,6755,7025,13780
7149,16419,13689,30108
7150,6321,7298,13619
7151,6892,5288,12180
7152,2860,3327,6187
7153,6387,5891,12278
7154,6816,10617,17433
7155,4156,10538,14694
7156,3630,9627,13257
7157,15486,12944,28430
7158,642,6984,7626
7159,7489,5727,13216
7160,2603,8350,10953
7161,10106,1841,11947
7162,1617,10537,12154
7163,5807,1736,7543
7164,8192,12232,20424
7165,15959,6069,22028
7166,67955,27013,94968
7167,29304,66259,95563
7168,11749,13054,24803
7169,6492,22679,29171
7170,25757,30770,56527
7171,50873,19025,69898
7172,18799,14280,33079
7173,12943,16349,29292
7174,23021,11777,34798
7175,13260,18157,31417
7176,36432,13459,49891
7177,7244,21951,29195
7178,17382,10971,28353
7179,24295,21790,46085
7180,11181,13629,24810
7181,16358,10133,26491
7182,7785,13706,21491
7183,18207,7641,25848
7184,5985,11121,17106
7185,5729,10104,15833
7186,13217,4204,17421
7187,9756,3274,13030
7188,2808,7244,10052
7189,15520,18352,33872
7190,19744,13679,33423
7191,21050,20907,41957
7192,16133,19096,35229
7193,5053,20908,25961
7194,29677,6117,35794
7195,33466,35203,68669
7196,8970,19249,28219
7197,6073,15708,21781
7198,23817,9422,33239
7199,10608,16178,26786
7200,13268,8783,22051
7201,3841,8133,11974
7203,8961,6627,15588
7204,3455,7453,10908
7205,5502,5577,11079
7206,3700,9271,12971
7207,4488,11850,16338
7208,15679,11315,26994
7209,9085,13828,22913
7210,5873,10723,16596
7211,6653,5001,11654
7212,19050,13163,32213
7213,21619,25147,46766
7214,36601,15741,52342
7215,14474,26795,41269
7216,4968,3751,8719
7217,2918,3800,6718
7218,10065,3844,13909
7219,2585,4339,6924
7220,1273,5116,6389
7221,6525,3340,9865
7222,14133,15433,29566
7223,18258,6463,24721
7224,17178,10521,27699
7225,16428,15461,31889
7226,4030,16122,20152
7227,15790,3684,19474
7228,53610,25047,78657
7229,10877,43948,54825
7230,8432,17080,25512
7231,13344,22541,35885
7232,2767,20438,23205
7233,27821,2459,30280
7234,1082,1816,2898
7235,833,1444,2277
7236,1648,1324,2972
7237,1469,1206,2675
7238,776,1432,2208
7239,1213,1262,2475
7240,4722,4494,9216
7241,7321,2934,10255
7242,14560,14393,28953
7243,21346,18264,39610
7244,11673,12238,23911
7245,12587,39225,51812
7246,76462,14749,91211
7247,24321,40286,64607
7248,3109,38339,41448
7249,39009,5385,44394
7250,3482,7404,10886
7251,12702,4200,16902
7252,10966,29534,40500
7253,53026,16632,69658
7254,63318,38255,101573
7255,6346,49281,55627
7256,18924,6261,25185
7257,5575,17002,22577
7258,6912,7578,14490
7259,8787,5231,14018
7260,3488,9499,12987
7261,15141,5336,20477
7262,7885,19698,27583
7263,11832,5176,17008
7264,4831,11338,16169
7265,14933,6499,21432
7266,4307,22880,27187
7267,51987,26095,78082
7268,21278,52014,73292
7269,20957,5991,26948
7270,5459,16541,22000
7271,31428,13456,44884
7272,15590,36893,52483
7273,52128,26903,79031
7274,17345,33540,50885
7275,15182,22575,37757
7276,17167,30179,47346
7277,23458,11214,34672
7278,24389,11871,36260
7279,26872,13109,39981
7280,18811,20577,39388
7281,13684,2768,16452
7282,3449,22980,26429
7283,28,31,59
7284,223,851,1074
7285,283,40,323
7286,11304,3282,14586
7287,18,515,533
7288,6814,3252,10066
7289,2666,7569,10235
7290,10387,2606,12993
7291,2932,11806,14738
7292,8818,5840,14658
7293,3844,5232,9076
7294,17174,17462,34636
7295,5645,4003,9648
7296,8138,50861,58999
7297,78254,9908,88162
7298,2091,3759,5850
7299,1742,191,1933
7300,578,2522,3100
7301,891,574,1465
7302,1332,14691,16023
7303,29207,3829,33036
7304,29544,6035,35579
7305,6204,20707,26911
7306,5274,20626,25900
7307,15030,6123,21153
7308,9579,31080,40659
7309,43417,9754,53171
7310,6362,10175,16537
7311,9540,6890,16430
7312,4939,8345,13284
7313,8636,6505,15141
7314,3487,6271,9758
7315,11057,5357,16414
7316,3821,3723,7544
7317,1421,2574,3995
7318,4914,2610,7524
7319,4297,4383,8680
7320,3266,2139,5405
7321,2437,5356,7793
7324,784,1913,2697
7325,3053,11801,14854
7327,16644,3952,20596
7328,3435,6483,9918
7329,8916,4994,13910
7330,4436,7598,12034
7331,14693,8831,23524
7332,7641,8238,15879
7333,5198,7407,12605
7334,12224,5155,17379
7335,224,3097,3321
7336,1033,718,1751
7337,545,17285,17830
7346,1540,1116,2656
7347,1482,10958,12440
7348,1598,455,2053
7349,654,1534,2188
7350,682,1264,1946
7351,1411,853,2264
7352,629,2805,3434
7353,1182,995,2177
7354,2475,4944,7419
7355,6343,2519,8862
7356,578,3404,3982
7357,716,212,928
7358,143,1175,1318
7359,1716,634,2350
7360,355,1469,1824
7361,4019,549,4568
7362,548,2582,3130
7363,2413,930,3343
7364,391,1753,2144
7365,6875,1597,8472
7366,2049,941,2990
7367,2947,7747,10694
7369,1436,3047,4483
7370,3287,1017,4304
7371,175,4231,4406
7372,3067,672,3739
7373,2193,3190,5383
7375,2680,4896,7576
7376,4203,707,4910
7377,357,735,1092
7378,1531,1740,3271
7379,1495,1119,2614
7380,1866,1481,3347
7381,1619,1091,2710
7382,1460,1825,3285
7383,2037,1565,3602
7384,1518,2020,3538
7385,1625,1187,2812
7386,1435,2492,3927
7387,1397,1181,2578
7388,1019,1315,2334
7389,1684,1454,3138
7390,1481,1789,3270
7391,2173,1380,3553
7392,1987,2008,3995
7393,657,825,1482
7394,629,1327,1956
7395,989,3114,4103
7396,2199,1401,3600
7397,1059,1929,2988
7398,705,1499,2204
7399,1424,2339,3763
7401,621,1289,1910
7402,1039,298,1337
7403,727,643,1370
7404,850,739,1589
7405,988,312,1300
7406,719,1312,2031
7407,415,786,1201
7408,5356,9455,14811
7409,7505,3364,10869
7410,2398,6803,9201
7411,3972,3757,7729
7415,1563,2846,4409
7417,2790,5582,8372
7418,27317,5847,33164
7420,48,1860,1908
7421,7552,5273,12825
7422,3833,2839,6672
7424,372,2576,2948
7425,31473,17138,48611
7426,16811,29276,46087
7427,4067,2639,6706
7429,472,3252,3724
7430,2301,5960,8261
7431,2500,2500,5000
7432,1650,11194,12844
7433,7950,4564,12514
7434,361,5469,5830
7435,8811,939,9750
7436,16140,14668,30808
7437,41,13,54
7438,8714,635,9349
7439,3337,5898,9235
7440,421,5162,5583
7442,47,3338,3385
7443,206,1784,1990
7444,304,1251,1555
7446,5325,6912,12237
7447,573,2120,2693
7448,2562,445,3007
7450,60,770,830
7451,104,1423,1527
7452,5704,10127,15831
7453,14360,1833,16193
7454,2730,25549,28279
7455,26474,898,27372
7456,251,15809,16060
7457,120,12272,12392
7458,17505,134,17639
7459,78,12361,12439
7460,15137,83,15220
7461,1926,3241,5167
7462,10706,64,10770
7463,2760,330,3090
7464,421,8520,8941
7465,15185,6426,21611
7466,14361,17255,31616
7467,817,411,1228
7476,503,71,574
7491,6,50,56
7494,37,98,135
7495,1091,95,1186
7496,1259,101,1360
7498,42,1008,1050
7499,139,357,496
7500,3560,2864,6424
7501,691,203,894
7502,13027,95,13122
7503,71,0,71
7504,36,3,39
7505,4245,199,4444
7506,61,11,72
7507,5421,238,5659
7508,340,16,356
7509,9898,358,10256
7510,2841,753,3594
7511,142,7098,7240
7512,23050,37529,60579
7515,4356,4767,9123
7516,23,66,89
7517,6579,5644,12223
7518,916,3180,4096
7519,5615,2230,7845
7520,0,101,101
7521,0,106,106
7523,2,276,278
7524,47470,20990,68460
7525,1012,5283,6295
7526,595,5343,5938
7527,29,6634,6663
7528,41,9588,9629
7529,96,3136,3232
7530,0,84,84
7550,10160,14003,24163
7551,11,8200,8211
7552,49,70,119
7553,65,156,221
7554,4101,29061,33162
7587,51,118,169
7588,30,62,92
7592,231,25,256
7593,117,52,169
7594,45,156,201
7595,85,233,318
7616,7448,30139,37587
7674,18,35,53
7675,24,53,77
7817,89,373,462
7818,325,56,381
7819,87,155,242
7820,139,43,182
7821,147,128,275
7822,137,178,315
7827,94,18,112
7828,33,144,177
7829,286,418,704
7830,477,182,659
7831,180,281,461
7832,159,107,266
8001,73759,66978,140737
8002,57596,75784,133380
8003,121465,110230,231695
8004,77219,89288,166507
8005,102268,101321,203589
8006,70001,86577,156578
8007,96136,149732,245868
8008,210826,146188,357014
8009,143106,130719,273825
8010,169535,169742,339277
8101,24041,25396,49437
8102,70085,55087,125172
8103,2969,3422,6391
8104,1917,7503,9420
8105,12524,15688,28212
8106,13952,17444,31396
8107,102028,61272,163300
8108,401,46241,46642
8110,68070,52907,120977
8111,27495,12637,40132
8112,25871,49222,75093
8113,38809,5981,44790
8114,11276,37899,49175
8115,4403,7268,11671
8116,6807,12606,19413
8117,23822,21670,45492
8118,25591,24013,49604
8119,68382,59123,127505
8120,62876,52555,115431
8121,72124,43984,116108
8122,6941,15483,22424
8123,53810,91600,145410
8124,91433,28633,120066
8125,7865,4763,12628
8126,14806,23860,38666
8127,1966,13855,15821
8128,5784,4978,10762
8129,21811,16561,38372
8130,6017,5898,11915
8131,24574,13556,38130
8132,11836,34804,46640
8133,46237,18424,64661
8134,11328,10853,22181
8135,3723,10722,14445
8136,16254,8499,24753
8137,7837,9453,17290
8138,10510,7041,17551
8139,10343,14171,24514
8140,17037,10266,27303
8141,9020,7706,16726
8142,20887,25490,46377
8143,6534,7848,14382
8144,1216,4690,5906
8145,5561,2634,8195
8146,11736,14233,25969
8147,47401,5553,52954
8148,41339,42026,83365
8149,37531,54102,91633
8150,83589,91885,175474
8151,78390,59100,137490
8152,90628,56217,146845
8153,69764,90615,160379
8154,86632,56963,143595
8155,68861,90616,159477
8156,39292,61761,101053
8157,21395,22134,43529
8158,25941,14935,40876
8159,17175,12737,29912
8160,17099,296,17395
8161,57069,796,57865
8162,752,48570,49322
8163,14182,8221,22403
8164,2605,15521,18126
8165,31417,6670,38087
8166,9805,25230,35035
8167,61157,16566,77723
8168,33402,50911,84313
8169,51829,15776,67605
8170,18789,51183,69972
8171,38922,13185,52107
8172,11095,35414,46509
8173,20269,11359,31628
8174,8140,32017,40157
8175,56230,65078,121308
8176,66411,58950,125361
8177,57320,43462,100782
8178,59879,67700,127579
8179,30029,38148,68177
8180,22204,18938,41142
8181,25742,17682,43424
8182,14920,18534,33454
8183,22491,19601,42092
8184,18435,20590,39025
8185,17019,12478,29497
8186,9923,15302,25225
8187,17688,8516,26204
8188,10590,14084,24674
8189,9858,4537,14395
8190,1518,6753,8271
8191,1274,4004,5278
8192,5109,6162,11271
8193,6916,4031,10947
8194,3908,5986,9894
8195,9549,7774,17323
8196,5074,6478,11552
8197,14093,4322,18415
8198,4358,13789,18147
8199,13780,3503,17283
8200,1486,7688,9174
8201,19374,1389,20763
8202,2784,11053,13837
8203,20814,1918,22732
8204,1641,20365,22006
8205,12853,10503,23356
8206,1602,15778,17380
8207,2744,30075,32819
8209,30333,22923,53256
8210,45569,11973,57542
8211,13885,13050,26935
8212,19565,16596,36161
8213,8597,12901,21498
8214,9601,13512,23113
8215,17875,12951,30826
8216,20137,14067,34204
8218,1616,648,2264
8219,6505,18160,24665
8220,18604,7032,25636
8221,8049,22319,30368
8222,20093,6354,26447
8223,10614,2746,13360
8224,5165,73,5238
8225,212,6388,6600
8226,12290,162,12452
8227,213,8573,8786
8228,6218,477,6695
8229,468,9708,10176
8230,27252,1312,28564
8231,2209,16503,18712
8232,9655,1377,11032
8233,1122,15976,17098
8234,10685,8904,19589
8235,2980,10873,13853
8236,3547,5571,9118
8237,80550,19799,100349
8238,1259,7046,8305
8239,22209,10450,32659
8240,80,296,376
8242,11381,6900,18281
8243,7413,3238,10651
8244,5455,6078,11533
8245,10558,61342,71900
8246,644,1442,2086
8247,12670,28792,41462
8248,6069,5760,11829
8249,3586,3633,7219
8250,15796,465,16261
8251,21449,620,22069
8252,1492,30814,32306
8253,15252,467,15719
8254,851,20756,21607
8255,20349,2940,23289
8256,1248,23988,25236
8257,4694,12847,17541
8258,2744,19,2763
8259,13952,39,13991
8260,19853,150,20003
8261,1192,18138,19330
8262,12948,5833,18781
8263,19696,9677,29373
8264,17808,17187,34995
8265,46874,15081,61955
8266,12643,39687,52330
8267,23783,24585,48368
8268,15607,21583,37190
8269,20075,96198,116273
8270,132413,30686,163099
8271,94,28,122
8272,85,26,111
8273,1219,106,1325
8274,811,757,1568
8275,5197,40559,45756
8276,26416,5971,32387
8277,7748,20483,28231
8278,30563,13896,44459
8279,3054,13827,16881
8280,20253,11248,31501
8281,6180,20413,26593
8282,17195,5571,22766
8283,21714,23368,45082
8284,16470,12381,28851
8285,10247,15163,25410
8286,9825,12368,22193
8287,15215,20981,36196
8288,26282,13764,40046
8289,7413,9037,16450
8290,15922,11883,27805
8293,17964,3936,21900
8294,4885,17494,22379
8295,14446,15068,29514
8296,20400,13248,33648
8297,9506,6280,15786
8298,6358,10803,17161
8299,16426,20800,37226
8300,20985,21440,42425
8301,45954,33505,79459
8302,15868,27611,43479
8303,10987,19061,30048
8304,17520,11003,28523
8305,28401,17702,46103
8306,13781,5026,18807
8307,103,1088,1191
8308,267,5855,6122
8309,218,551,769
8310,155,2825,2980
8311,8218,6145,14363
8312,5274,7993,13267
8313,2523,3343,5866
8314,983,1371,2354
8315,1046,2453,3499
8316,2515,3401,5916
8318,6100,12063,18163
8320,12114,2282,14396
8321,5863,9177,15040
8322,7984,4315,12299
8323,3348,5829,9177
8324,7309,5806,13115
8325,4902,4199,9101
8326,19896,10437,30333
8327,26423,24891,51314
8328,2806,1370,4176
8329,17107,13266,30373
8330,21,962,983
8332,3099,528,3627
8333,171,7892,8063
8334,444,80,524
8335,880,46,926
8336,79366,10261,89627
8338,3679,19196,22875
8341,4,998,1002
8342,115,1505,1620
8344,42,18252,18294
8347,69,18532,18601
8348,204,11074,11278
8349,42,5785,5827
8350,72,21594,21666
8351,576,2629,3205
8352,93,4466,4559
8353,5746,696,6442
8354,1619,227,1846
8355,48,11558,11606
8357,104,5141,5245
8358,19172,145,19317
8359,13,347,360
8360,570,11610,12180
8361,6042,222,6264
8363,745,4090,4835
8364,338,147,485
8365,1314,2553,3867
8366,2881,2312,5193
8367,5121,692,5813
8368,1297,171,1468
8369,71,5705,5776
8370,963,22,985
8371,233,6995,7228
8372,33915,569,34484
8373,22014,61081,83095
8380,1011,17607,18618
8381,18427,578,19005
8382,1249,17014,18263
8390,169,1336,1505
8391,350,333,683
8392,61,7920,7981
8393,3357,127,3484
8394,4,1754,1758
8395,1726,125,1851
8396,2718,2898,5616
8397,3079,1928,5007
8400,23196,42035,65231
8401,2814,3201,6015
8402,4798,7150,11948
8403,7077,7226,14303
8404,11463,13494,24957
8405,4034,13395,17429
8406,7979,6232,14211
8408,27685,31949,59634
8409,47077,18707,65784
8410,2008,1406,3414
8411,920,529,1449
8412,276,723,999
8425,4,1632,1636
8448,5061,362,5423
8449,1124,2768,3892
8450,4578,139,4717
8451,5368,6119,11487
8452,4098,4951,9049
8453,9201,13871,23072
8454,3729,4506,8235
8455,505,1140,1645
8456,1185,350,1535
8457,29369,18901,48270
8458,10043,4092,14135
8459,35636,39462,75098
8460,3568,189,3757
8462,4521,49,4570
8463,11398,840,12238
8464,1577,300,1877
8465,4213,128,4341
8466,1811,57,1868
8467,3539,250,3789
8468,631,77,708
8469,30967,220,31187
8470,697,80,777
8471,542,69,611
8474,15,14,29
8475,3227,48,3275
8477,4414,666,5080
8478,1036,316,1352
8479,3316,224,3540
8480,522,41,563
8482,4959,391,5350
8483,2779,319,3098
8484,1500,135,1635
8485,21821,325,22146
8487,1124,0,1124
8488,2,75,77
8489,9411,1155,10566
8490,3073,1845,4918
8491,362,53,415
8492,1094,3277,4371
8493,275,667,942
8494,1685,567,2252
8495,1651,1774,3425
8497,7448,286,7734
8498,820,746,1566
8499,70,47,117
8500,16473,910,17383
8502,323,7,330
8503,2,290,292
8504,3758,3034,6792
8505,1207,32548,33755
8506,944,1097,2041
8507,858,1244,2102
8508,1771,1095,2866
8510,3634,333,3967
8511,1116,1823,2939
8512,477,156,633
8513,4996,289,5285
8514,19476,1819,21295
8516,715,215,930
8517,5,579,584
8519,1598,3262,4860
8521,457,701,1158
8522,1029,2768,3797
8523,7,32,39
8526,903,1864,2767
8527,355,168,523
8528,1658,643,2301
8529,3377,5097,8474
8532,648,713,1361
8534,6652,28971,35623
8535,2863,7692,10555
8536,2444,3435,5879
8537,1311,4526,5837
8538,1421,1974,3395
8539,689,864,1553
8540,928,1207,2135
8542,5773,2548,8321
8543,1923,1186,3109
8544,1302,541,1843
8545,1100,10940,12040
8546,16314,8056,24370
8548,60,0,60
8550,12751,7519,20270
8551,1483,7978,9461
8552,595,9901,10496
8554,679,1133,1812
8555,146,222,368
8557,952,1848,2800
8558,2962,4232,7194
8559,3283,180,3463
8560,42199,63683,105882
8562,258,127,385
8563,47,1,48
8564,2663,9958,12621
8565,2948,667,3615
8566,612,36316,36928
8567,2120,1641,3761
8568,12473,14934,27407
8569,539,11645,12184
8570,1831,2286,4117
8571,2817,2596,5413
8572,12134,4850,16984
8574,1921,682,2603
8576,172,382,554
8580,23,11,34
8581,1988,7624,9612
8584,624,1822,2446
8585,217,231,448
8586,4143,530,4673
8587,2366,1395,3761
8588,683,4255,4938
8589,1928,4213,6141
8590,7113,1609,8722
8591,109,11,120
8592,693,143,836
8593,79,453,532
8596,15697,30321,46018
8597,2571,6219,8790
8598,1827,3581,5408
8599,1839,1282,3121
8600,85,330,415
8602,1856,3021,4877
8657,11817,16869,28686
8662,14854,2420,17274
8714,554,78,632
8715,3333,1243,4576
8716,1079,2221,3300
8718,27933,6304,34237
8721,4133,1579,5712
8722,715,1770,2485
8727,2801,1603,4404
8728,17,645,662
8731,1205,2264,3469
8733,770,286,1056
8734,482,2802,3284
8744,11800,4107,15907
8745,1426,1144,2570
8748,1145,513,1658
8749,1236,533,1769
8750,7944,3101,11045
8751,2095,6172,8267
8757,16,1097,1113
8758,451,776,1227
8759,83,2296,2379
8760,723,531,1254
8765,2042,1456,3498
8766,1002,501,1503
8767,876,1311,2187
8769,1077,694,1771
8770,1770,14742,16512
8771,12,2257,2269
8772,282,1209,1491
8773,970,1909,2879
8775,545,321,866
8780,560,944,1504
8781,50981,39466,90447
8783,18702,2420,21122
8786,1527,11671,13198
8787,586,4341,4927
8788,528,1696,2224
8789,280,2823,3103
8790,2974,4487,7461
8791,677,381,1058
8792,2788,259,3047
8795,880,892,1772
8796,29,4889,4918
8798,1010,13586,14596
8799,82,2825,2907
8800,6476,149,6625
8801,1910,2445,4355
8807,25,1671,1696
8808,408,2309,2717
8809,18,1218,1236
8810,1058,21,1079
8815,205,297,502
8819,1153,25000,26153
8821,285,2637,2922
8822,1594,249,1843
8823,1858,79,1937
8824,27,1078,1105
8825,729,59,788
8826,23,1129,1152
8827,1246,11,1257
8828,14,2115,2129
8829,5167,1048,6215
8830,9504,10392,19896
8831,11,2395,2406
8832,2634,4067,6701
8833,1097,21,1118
8834,4016,5550,9566
8835,218,20864,21082
8836,1955,55,2010
8837,912,6245,7157
8838,10879,1674,12553
8839,4661,59,4720
8840,15,2243,2258
8842,1808,69,1877
8843,93,1946,2039
8844,2871,36,2907
8845,30,1787,1817
8846,5554,3952,9506
8847,1528,14,1542
8848,57,2432,2489
8849,4084,661,4745
8850,112,5435,5547
8854,941,1972,2913
8855,37,1701,1738
8856,1722,2480,4202
8858,1388,11,1399
8868,557,1851,2408
8872,2348,214,2562
8873,44678,5053,49731
8874,9126,3578,12704
8876,996,1504,2500
8877,43,3775,3818
8878,318,9738,10056
8881,1045,710,1755
8883,582,805,1387
8884,3697,2430,6127
8886,6225,3807,10032
8888,225,9308,9533
8889,791,1257,2048
8892,3959,4999,8958
8893,2497,3719,6216
8894,1344,869,2213
8895,48,2112,2160
8896,289,435,724
8897,838,1378,2216
8898,1155,1834,2989
8900,1705,4264,5969
8901,1110,1551,2661
8904,396,1403,1799
8908,1914,2136,4050
8909,12960,7526,20486
8910,194,1204,1398
8911,2483,3129,5612
8912,798,1619,2417
8913,745,1595,2340
8914,852,5637,6489
8915,2519,1134,3653
8916,374,1834,2208
8917,171,1810,1981
8919,11,4680,4691
8920,1783,2199,3982
8921,437,3686,4123
8922,49,3744,3793
8923,247,1108,1355
8924,1199,4878,6077
8925,24,605,629
8926,1320,3310,4630
8927,99,13168,13267
8928,2138,7261,9399
8930,24,3984,4008
8931,2387,3136,5523
8932,657,171,828
8934,2671,3085,5756
8935,198,38044,38242
8936,757,1105,1862
8937,7,3775,3782
8938,411,2604,3015
8939,1116,2009,3125
8940,121,6,127
8941,5178,2015,7193
8942,31,9609,9640
8943,114,16762,16876
8945,1959,1684,3643
8946,179,1114,1293
8947,351,4136,4487
8948,8,863,871
8949,520,2163,2683
8950,10,2821,2831
8951,316,389,705
8952,2138,4814,6952
8953,522,3744,4266
8954,14,2249,2263
8955,50,21,71
8956,556,2701,3257
8957,29,3449,3478
8958,775,480,1255
8959,295,953,1248
8960,340,2074,2414
8961,100,4599,4699
8962,82,7815,7897
8963,102,42,144
8964,731,468,1199
8965,457,1233,1690
8966,303,2767,3070
8969,223,564,787
8970,825,1919,2744
8971,482,3021,3503
8972,292,1627,1919
8973,198,1079,1277
8975,95,960,1055
8976,36,2093,2129
8977,131,2870,3001
8979,1201,3929,5130
8980,5281,5800,11081
8981,3230,2632,5862
8982,2811,2608,5419
8983,1019,5660,6679
8984,144,14977,15121
8985,21,7245,7266
8986,1161,19153,20314
8987,47,8079,8126
8988,57,16767,16824
8989,22146,253,22399
8990,7427,196,7623
8991,11164,439,11603
8992,3018,170,3188
8997,47306,26727,74033
9001,60554,58990,119544
9002,36175,47488,83663
9003,60165,48441,108606
9004,223371,234754,458125
9005,137593,92844,230437
9006,108333,119013,227346
9007,90060,67286,157346
9008,71478,92511,163989
9009,69990,71107,141097
9010,45220,77450,122670
9011,200097,170794,370891
9012,255632,236984,492616
9013,157888,175722,333610
9102,16471,13635,30106
9103,13865,3225,17090
9104,3153,13476,16629
9105,17050,5111,22161
9106,31791,10137,41928
9107,34880,13552,48432
9108,23211,8524,31735
9109,6519,30049,36568
9110,9342,22251,31593
9111,22051,4343,26394
9112,6364,10111,16475
9113,6140,4570,10710
9114,14728,9405,24133
9115,13893,10480,24373
9116,13681,4648,18329
9117,8794,13627,22421
9118,8837,3965,12802
9119,3745,9482,13227
9120,30183,10548,40731
9121,10195,16287,26482
9122,30243,9031,39274
9123,14528,37682,52210
9124,7384,20577,27961
9125,34571,7659,42230
9126,49698,10088,59786
9127,10364,36353,46717
9128,33001,17629,50630
9129,13672,39428,53100
9130,6791,4056,10847
9131,3585,4838,8423
9132,9367,3194,12561
9133,4712,9359,14071
9134,27159,5145,32304
9135,6318,17096,23414
9136,3021,7041,10062
9137,14586,4014,18600
9138,2357,11195,13552
9139,6027,2924,8951
9140,4038,10065,14103
9141,7156,3779,10935
9142,7553,17187,24740
9143,19792,9562,29354
9144,21300,22156,43456
9145,14128,26870,40998
9146,39257,73164,112421
9147,54505,32081,86586
9148,4056,13158,17214
9149,6380,9120,15500
9150,15467,9980,25447
9151,7474,8999,16473
9152,4575,4719,9294
9153,11227,9711,20938
9154,25339,12527,37866
9155,29284,9357,38641
9156,14161,6970,21131
9157,3985,16197,20182
9158,33430,12427,45857
9159,10681,25479,36160
9160,25757,16531,42288
9161,20532,26101,46633
9162,11192,7131,18323
9163,6452,11666,18118
9164,14663,9422,24085
9165,10769,12388,23157
9166,37754,21431,59185
9167,15053,24783,39836
9168,24991,11181,36172
9169,11906,32665,44571
9170,10823,23125,33948
9171,29767,13713,43480
9172,8531,16370,24901
9173,13998,8616,22614
9174,12964,11094,24058
9175,2917,35171,38088
9176,16276,4925,21201
9177,5136,5489,10625
9179,4372,9877,14249
9180,4969,2220,7189
9181,5050,12677,17727
9182,15673,2383,18056
9183,4057,8836,12893
9184,8762,3719,12481
9185,3225,9456,12681
9186,32841,23922,56763
9187,22897,6879,29776
9188,4137,13888,18025
9189,29494,26880,56374
9190,28847,63694,92541
9194,23714,38,23752
9195,671,17868,18539
9196,14883,1074,15957
9197,186,15773,15959
9198,6347,5791,12138
9199,2985,11577,14562
9200,1050,3051,4101
9201,9595,4874,14469
9203,7695,6215,13910
9205,19535,10106,29641
9206,10413,34058,44471
9207,12095,6814,18909
9208,3888,15557,19445
9209,4155,9475,13630
9210,12299,6318,18617
9211,16641,5007,21648
9212,6326,11617,17943
9213,7967,6079,14046
9214,3636,8726,12362
9215,9008,13605,22613
9216,11142,9074,20216
9217,7632,20178,27810
9218,9218,6159,15377
9219,15530,6836,22366
9220,26324,20813,47137
9221,17421,7734,25155
9222,9787,9771,19558
9223,20776,9124,29900
9224,11070,16701,27771
9225,9111,6805,15916
9226,7945,17231,25176
9227,8402,6319,14721
9228,5751,398,6149
9229,604,2310,2914
9230,1096,2516,3612
9231,1003,8532,9535
9232,8900,980,9880
9233,995,921,1916
9234,11693,1263,12956
9235,892,1316,2208
9236,11495,1859,13354
9237,34692,31417,66109
9238,986,259,1245
9239,6662,1594,8256
9240,2723,8506,11229
9241,9886,3069,12955
9242,3943,7817,11760
9243,5756,4295,10051
9244,16819,9471,26290
9245,3085,26665,29750
9246,1897,12979,14876
9247,9762,3447,13209
9248,64670,21871,86541
9249,48817,47341,96158
9253,121,3664,3785
9255,20499,163,20662
9256,79,23024,23103
9260,362,4074,4436
9261,34011,28827,62838
9263,11611,2666,14277
9266,8361,6557,14918
9267,4014,15817,19831
9269,1430,618,2048
9270,4780,1542,6322
9271,1521,8632,10153
9272,17046,43683,60729
9273,2821,7010,9831
9274,5239,6254,11493
9275,2528,11294,13822
9276,11111,3720,14831
9277,33858,149957,183815
9278,940,2086,3026
9283,3939,8793,12732
9286,6813,321,7134
9289,388,207,595
9290,37,16328,16365
9291,4134,3828,7962
9293,15004,5512,20516
9294,6,3434,3440
9295,7967,7653,15620
9298,2830,14676,17506
9302,5323,7221,12544
9303,2817,1316,4133
9304,7504,10866,18370
9305,1207,6524,7731
9306,24648,3821,28469
9307,2055,3735,5790
9308,295,1299,1594
9310,12593,226,12819
9311,242,13667,13909
9312,16378,12340,28718
9313,10419,4692,15111
9314,2080,500,2580
9500,7548,4903,12451
9501,6841,1065,7906
9502,68801,5209,74010
9503,2477,4609,7086
9504,2188,518,2706
9505,933,21,954
9506,2787,110,2897
9507,3941,62,4003
9510,1122,416,1538
9512,1913,28,1941
9513,4940,30,4970
9514,1193,5,1198
9515,1420,7,1427
9516,886,1529,2415
9517,1777,149,1926
9518,2823,1831,4654
9520,2916,161,3077
9521,1592,16,1608
9522,1122,7,1129
9523,1762,119,1881
9525,5887,298,6185
9526,7234,3587,10821
9528,10016,534,10550
9529,2557,24,2581
9530,534,5,539
9531,2486,378,2864
9532,3065,238,3303
9533,7904,3646,11550
9534,4172,834,5006
9535,6662,1002,7664
9536,7535,53,7588
9537,6549,21,6570
9539,14058,2201,16259
9540,2147,674,2821
9541,13593,8382,21975
9543,3224,442,3666
9544,2366,398,2764
9545,7549,44,7593
9546,2665,99,2764
9547,9782,3027,12809
9548,2947,1432,4379
9550,2543,466,3009
9551,6669,1175,7844
9553,2019,8480,10499
9554,3306,1041,4347
9556,4908,577,5485
9557,6030,243,6273
9558,7861,185,8046
9560,8792,26927,35719
9561,2986,907,3893
9562,26,4673,4699
9563,3138,539,3677
9564,3611,418,4029
9566,882,233,1115
9567,101125,94579,195704
9568,1607,4280,5887
9569,1561,1506,3067
9571,5409,657,6066
9572,749,881,1630
9573,7362,804,8166
9576,7640,8311,15951
9577,74,6001,6075
9578,2958,5748,8706
9579,78715,18068,96783
9580,9057,1089,10146
9582,3208,2287,5495
9583,5088,828,5916
9585,7242,5907,13149
9586,119,24536,24655
9588,1978,2104,4082
9589,1103,17464,18567
9590,3550,3848,7398
9591,6039,1846,7885
9592,845,1742,2587
9593,7346,4095,11441
9594,36417,7881,44298
9595,62517,56809,119326
9597,4237,2426,6663
9598,711,1843,2554
9599,1698,8296,9994
9600,5186,3601,8787
9631,6427,320,6747
9642,912,5856,6768
9656,4511,1552,6063
9682,1506,1471,2977
9717,7361,5398,12759
9718,2365,1101,3466
9739,59727,14528,74255
9753,1100,4328,5428
9754,268,2578,2846
9760,13174,6999,20173
9769,1936,2661,4597
9770,2173,4426,6599
9771,35276,2628,37904
9773,421,5026,5447
9774,8414,4712,13126
9775,2234,4946,7180
9776,1560,1815,3375
9777,815,4125,4940
9778,351,10224,10575
9779,6806,2935,9741
9780,11480,2521,14001
9781,591,1819,2410
9782,2140,8581,10721
9783,415,5596,6011
9785,6340,1046,7386
9786,574,869,1443
9787,4222,6453,10675
9788,903,9450,10353
9789,3346,8144,11490
9790,28443,6400,34843
9791,1502,854,2356
9792,490,1823,2313
9793,1027,1440,2467
9794,466,4887,5353
9795,109,3619,3728
9798,5944,1766,7710
9799,358,4229,4587
9800,3324,1000,4324
9801,237,4239,4476
9802,69,4601,4670
9803,4257,4117,8374
9804,1073,570,1643
9805,1208,2291,3499
9806,492,8034,8526
9807,8582,381,8963
9808,658,5602,6260
9809,21,1971,1992
9811,2818,2744,5562
9812,1369,4798,6167
9813,23,2421,2444
9814,662,6704,7366
9815,1043,3029,4072
9817,243,3826,4069
9818,1299,5261,6560
9819,645,3345,3990
9820,40,2749,2789
9821,42,4252,4294
9822,3359,8621,11980
9824,62,3839,3901
9825,52380,23370,75750
9826,1213,11627,12840
9827,648,2316,2964
9828,553,8710,9263
9829,707,4684,5391
9830,1086,7455,8541
9831,24,5930,5954
9832,958,6103,7061
9833,79,6076,6155
9834,80531,44785,125316
9835,135,1845,1980
9836,31,5769,5800
9837,13,5025,5038
9841,4023,22756,26779
9843,20,2987,3007
9844,1,957,958
9845,161,2981,3142
9847,373,6332,6705
9848,1857,6345,8202
9851,3,1374,1377
9853,1041,5085,6126
9854,1474,6350,7824
9856,5,1152,1157
9857,319,1429,1748
9859,537,2322,2859
9860,539,6380,6919
9861,597,670,1267
9862,1076,1859,2935
9863,1839,3955,5794
9865,10107,39279,49386
9868,608,3641,4249
9870,453,13280,13733
9872,2219,7703,9922
9873,3297,5781,9078
9875,26,3383,3409
9876,1823,5972,7795
9877,29,3296,3325
9878,1452,6655,8107
9880,206,2845,3051
9881,257,1704,1961
9882,3661,5909,9570
9883,2462,4627,7089
9884,5713,6600,12313
9885,8908,5528,14436
9886,4050,2596,6646
9887,1514,2370,3884
9888,1835,2163,3998
9890,3977,2880,6857
9893,1705,5975,7680
9894,90136,38414,128550
9895,5035,12181,17216
9896,3931,805,4736
9897,3390,2856,6246
9898,1083,3276,4359
9899,6854,20130,26984
9903,262,2829,3091
9905,978,12716,13694
9908,1449,975,2424
9909,305,437,742
9913,92,13539,13631
9920,1959,1075,3034
9934,3118,157,3275
9936,744,436,1180
9937,1237,92,1329
9938,994,210,1204
9939,118,176,294
9940,87,2257,2344
9941,10741,10066,20807
9942,13431,4609,18040
9943,5977,3166,9143
9944,765,2355,3120
9945,3012,1856,4868
9946,1289,1620,2909
9947,150,1063,1213
9948,1190,1121,2311
9949,85,2496,2581
9950,10279,10084,20363
9994,13924,12414,26338
10001,60005,26167,86172
10002,26909,35981,62890
10003,47488,7306,54794
10004,8015,42515,50530
10005,39321,11566,50887
10006,11787,34909,46696
10007,26155,10842,36997
10008,9298,28994,38292
10009,66417,22846,89263
10010,25684,71335,97019
10011,65730,33000,98730
10012,28528,56066,84594
10013,67807,59147,126954
10014,28902,52205,81107
10015,82314,179266,261580
10016,125494,57014,182508
10017,49643,25856,75499
10018,22578,50459,73037
10019,47301,28131,75432
10020,23331,34131,57462
10046,3685,3540,7225
10103,4030,339,4369
10104,130,3388,3518
10105,4437,3279,7716
10107,5321,8938,14259
10108,12837,4895,17732
10109,1556,5952,7508
10110,2082,1382,3464
10111,16589,6863,23452
10113,2342,9530,11872
10114,5010,2657,7667
10115,2125,8614,10739
10116,7289,3106,10395
10117,1183,929,2112
10118,463,1177,1640
10119,5504,8993,14497
10120,4371,31282,35653
10121,16145,10355,26500
10122,13455,10010,23465
10124,38794,108647,147441
10126,187251,69507,256758
10127,14453,22568,37021
10129,6068,2591,8659
10130,4473,6664,11137
10131,5226,1700,6926
10132,1210,6111,7321
10133,17073,9833,26906
10134,5255,8689,13944
10135,9842,8408,18250
10136,4170,4232,8402
10137,8769,18595,27364
10138,25533,6552,32085
10139,7601,9033,16634
10140,5199,7618,12817
10141,4950,6971,11921
10142,9457,5829,15286
10143,20367,4438,24805
10144,9974,21441,31415
10145,10559,7054,17613
10146,16718,19391,36109
10147,2716,5366,8082
10148,3487,3354,6841
10149,6770,2666,9436
10150,3288,5468,8756
10151,6152,1519,7671
10152,1170,4719,5889
10153,23364,748,24112
10154,14517,428,14945
10155,402,23959,24361
10156,6454,1668,8122
10157,2477,8460,10937
10158,1222,1796,3018
10159,738,3969,4707
10160,3807,7040,10847
10161,4251,7233,11484
10162,7729,6333,14062
10163,2412,3191,5603
10164,16725,24288,41013
10165,4691,2238,6929
10166,2238,9731,11969
10167,15820,4196,20016
10168,42775,29702,72477
10170,11037,29614,40651
10172,1374,6049,7423
10173,2807,7028,9835
10174,25101,14439,39540
10175,2885,7099,9984
10176,5760,2200,7960
10177,6773,9451,16224
10178,5102,2583,7685
10179,9649,58,9707
10180,2188,7761,9949
10181,12504,3391,15895
10182,1615,2237,3852
10183,1347,1851,3198
10184,15863,4444,20307
10185,5108,11294,16402
10186,23762,11360,35122
10187,6588,12247,18835
10188,17932,10726,28658
10189,34582,8932,43514
10190,9234,21111,30345
10191,31150,10345,41495
10192,9572,31321,40893
10193,30710,8716,39426
10194,7218,25620,32838
10195,19164,8936,28100
10196,15443,30802,46245
10197,8066,2708,10774
10198,9756,4069,13825
10199,2907,9792,12699
10200,21794,2042,23836
10201,639,12970,13609
10202,3291,1621,4912
10203,601,5780,6381
10204,24847,5940,30787
10205,4952,15653,20605
10206,15041,2380,17421
10207,3402,14110,17512
10208,1422,3651,5073
10209,23607,7836,31443
10210,15188,6230,21418
10211,8757,15177,23934
10212,32866,6125,38991
10213,9886,27375,37261
10214,39314,11454,50768
10215,17269,44630,61899
10216,14941,9528,24469
10217,11304,30572,41876
10218,5093,15457,20550
10219,9999,23645,33644
10221,18491,29333,47824
10222,7272,6369,13641
10223,7113,7664,14777
10224,7928,6125,14053
10225,8946,7770,16716
10226,4504,12654,17158
10227,14610,9730,24340
10228,2976,7567,10543
10229,2160,1830,3990
10231,1633,5386,7019
10232,2014,1713,3727
10234,44408,21020,65428
10235,426,1381,1807
10236,3380,3544,6924
10241,11311,11686,22997
10242,19484,10714,30198
10244,1669,5025,6694
10245,2189,9648,11837
10246,20336,4917,25253
10247,8699,20363,29062
10248,30996,13460,44456
10249,19193,26669,45862
10250,24622,38802,63424
10251,23445,11351,34796
10252,16989,2605,19594
10253,2217,11048,13265
10256,778,891,1669
10257,1574,800,2374
10258,784,1234,2018
10259,607,1847,2454
10260,2147,1129,3276
10261,2064,5137,7201
10262,7857,5243,13100
10263,725,2447,3172
10264,13168,5660,18828
10265,71831,62732,134563
10266,66905,43806,110711
10269,403,527,930
10270,849,601,1450
10271,852,601,1453
10272,819,572,1391
10273,561,1090,1651
10276,8953,34557,43510
10277,45307,18429,63736
10278,12055,9507,21562
10279,6855,9560,16415
10280,7512,4078,11590
10281,4992,5264,10256
10282,4297,2197,6494
10283,3339,5800,9139
10284,3929,1649,5578
10285,3093,6179,9272
10286,5109,1174,6283
10287,2689,6536,9225
10292,66,2693,2759
10293,4070,74,4144
10294,3410,667,4077
10295,2656,752,3408
10296,1863,2385,4248
10297,2645,2301,4946
10298,3671,7970,11641
10299,11910,7952,19862
10301,1906,449,2355
10302,9280,16335,25615
10303,2608,1559,4167
10304,5504,4344,9848
10305,4236,3473,7709
10306,5887,4226,10113
10309,6013,15790,21803
10310,13180,3551,16731
10311,6926,5431,12357
10312,1349,3490,4839
10313,2218,1170,3388
10314,1637,4370,6007
10315,20661,15031,35692
10317,40,16711,16751
10320,80,5317,5397
10321,7948,5251,13199
10325,2786,13309,16095
10330,32029,29423,61452
10331,25215,21654,46869
10333,8801,146,8947
10334,78,9237,9315
10335,425,17129,17554
10336,2761,8525,11286
10337,2314,7096,9410
10340,9980,207,10187
10341,36,12371,12407
10342,4084,1223,5307
10343,155,5528,5683
10411,795,261,1056
10412,31,1527,1558
10413,815,470,1285
10414,238,1371,1609
10502,7249,3505,10754
10503,11981,12352,24333
10504,14976,9086,24062
10505,10478,12002,22480
10509,13626,209,13835
10510,1712,5,1717
10511,6362,34,6396
10512,7359,303,7662
10515,763,6,769
10516,5078,48,5126
10517,8695,321,9016
10519,6748,456,7204
10521,1798,25,1823
10522,1080,62,1142
10526,1366,1544,2910
10527,16446,2461,18907
10528,16368,1105,17473
10529,2281,4368,6649
10531,6161,16023,22184
10532,11423,3008,14431
10533,7736,1128,8864
10535,1999,1450,3449
10536,3061,15135,18196
10537,13942,1481,15423
10540,1309,4468,5777
10541,1582,8911,10493
10542,2305,12628,14933
10546,918,2430,3348
10549,140,763,903
10550,639,2093,2732
10551,801,6914,7715
10553,137,2051,2188
10556,437,1774,2211
10557,2192,5668,7860
10560,1157,4368,5525
10561,461,630,1091
10563,377,2973,3350
10564,1215,7493,8708
10565,309,717,1026
10568,158,510,668
10569,1995,4656,6651
10570,7358,8559,15917
10572,279,1521,1800
10573,33,320,353
10575,5390,2423,7813
10578,119,369,488
10580,990,74,1064
10582,16,4792,4808
10583,5704,13554,19258
10584,1132,2174,3306
10585,1337,1407,2744
10586,634,729,1363
10587,7964,3026,10990
10588,17648,1929,19577
10590,7,2953,2960
10592,986,3011,3997
10593,167,865,1032
10594,8500,2061,10561
10597,44,2087,2131
10598,100,3294,3394
10599,841,4219,5060
10600,915,3235,4150
10604,111,393,504
10612,12391,2702,15093
10637,64,6048,6112
10638,759,4611,5370
10657,2103,3789,5892
10667,6,531,537
10697,28,3990,4018
10698,144,513,657
10700,4094,15835,19929
10701,3140,1297,4437
10702,3427,3882,7309
10703,41590,28884,70474
10704,731,1699,2430
10705,1056,2009,3065
10706,2018,2664,4682
10707,667,3122,3789
10710,2265,5568,7833
10711,2434,7686,10120
10713,11073,3088,14161
10714,2442,2145,4587
10722,7,409,416
10726,12069,6768,18837
10734,2544,10001,12545
10735,6693,6075,12768
10736,6809,819,7628
10737,39,1322,1361
10740,2995,8243,11238
10744,10,883,893
10745,4917,4228,9145
10747,4670,2867,7537
10754,726,5685,6411
10757,1896,1293,3189
10775,2382,4687,7069
10777,1268,16640,17908
10778,706,3,709
10779,944,6111,7055
10780,371,8504,8875
10781,133,4,137
10783,1270,4741,6011
10784,332,7733,8065
10785,535,1561,2096
10786,398,599,997
10787,436,49,485
10789,58,8746,8804
10790,151,4860,5011
10791,9,2657,2666
10792,417,76,493
10797,593,333,926
10798,76,6341,6417
10799,21530,17697,39227
10800,481,484,965
10802,104,224,328
10803,334,32,366
10804,17,2754,2771
10805,358,43,401
10806,5082,4552,9634
10807,469,152,621
10808,7894,1140,9034
10809,599,583,1182
10810,3679,720,4399
10812,2780,1166,3946
10813,3509,2773,6282
10814,2127,441,2568
10815,5824,5088,10912
10816,352,417,769
10818,4181,932,5113
10819,5600,3059,8659
10821,3961,3555,7516
10822,832,573,1405
10826,4007,931,4938
10828,1860,1484,3344
10831,40,1239,1279
10834,10115,625,10740
10836,2269,10863,13132
10838,0,553,553
10841,323,3408,3731
10842,1051,603,1654
10843,280,157,437
11101,15365,9893,25258
11102,12239,12653,24892
11103,15578,14837,30415
11104,11877,10847,22724
11105,8615,19852,28467
11106,9780,6410,16190
11107,1517,1792,3309
11108,490,1322,1812
11109,1006,1275,2281
11110,1570,1374,2944
11111,865,1130,1995
11112,15195,7084,22279
11113,897,16358,17255
11114,16696,7790,24486
11115,5502,16514,22016
11116,5020,36548,41568
11117,69171,5125,74296
11118,61412,7663,69075
11119,181,3187,3368
11120,9842,4752,14594
11121,11988,7781,19769
11122,10547,1279,11826
11123,120,3925,4045
11124,11165,9616,20781
11125,8678,88,8766
11126,97,6714,6811
11127,12306,13169,25475
11128,20084,11896,31980
11129,9332,15290,24622
11130,5004,8533,13537
11131,5416,8208,13624
11132,14939,7281,22220
11133,4441,3070,7511
11134,7534,14147,21681
11135,15890,15226,31116
11136,21397,15770,37167
11137,4445,13311,17756
11138,4302,13484,17786
11139,14688,76805,91493
11140,6747,7978,14725
11141,6263,31118,37381
11142,2379,12827,15206
11143,15723,6519,22242
11144,4874,22293,27167
11145,28098,4868,32966
11146,146,765,911
11147,1075,1762,2837
11148,206,692,898
11149,754,236,990
11150,174,1178,1352
11151,534,224,758
11152,377,5735,6112
11153,2053,267,2320
11154,5921,12521,18442
11155,11928,2458,14386
11156,2706,2604,5310
11157,8257,14986,23243
11158,18034,9442,27476
11159,13585,9582,23167
11160,15241,13926,29167
11161,12469,13638,26107
11162,11466,13661,25127
11163,1462,2674,4136
11164,1667,1773,3440
11165,1925,1747,3672
11166,1323,836,2159
11167,1174,3868,5042
11168,5613,5315,10928
11169,6162,1580,7742
11170,9452,9825,19277
11171,5477,2345,7822
11172,3307,7476,10783
11173,407,292,699
11174,2353,5461,7814
11175,384,1766,2150
11176,3870,3613,7483
11177,4574,13467,18041
11178,1001,638,1639
11180,5573,10046,15619
11181,3921,5289,9210
11182,1419,6302,7721
11183,4553,10250,14803
11184,22293,18447,40740
11185,43025,26734,69759
11186,24317,41102,65419
11187,204,1140,1344
11188,2008,4464,6472
11189,5906,2930,8836
11190,7094,6964,14058
11191,21741,4930,26671
11192,591,1585,2176
11193,1626,469,2095
11194,8157,4180,12337
11195,2979,10446,13425
11196,49234,32687,81921
11197,18351,29119,47470
11198,31268,11022,42290
11199,15555,25292,40847
11200,15832,8551,24383
11201,973,6535,7508
11202,2922,1432,4354
11203,1287,1316,2603
11204,8388,3761,12149
11205,1780,7300,9080
11206,9314,8652,17966
11207,6449,7354,13803
11208,4055,17549,21604
11209,4511,4737,9248
11210,51660,52037,103697
11211,107128,43324,150452
11212,21807,20794,42601
11213,7747,45435,53182
11214,5544,12817,18361
11215,8695,6050,14745
11216,1365,1471,2836
11217,5254,7321,12575
11218,9473,3953,13426
11219,5405,6075,11480
11220,6754,2850,9604
11221,1719,7094,8813
11222,7609,8701,16310
11223,9944,5520,15464
11224,51,11663,11714
11225,12871,87,12958
11226,4618,326,4944
11227,19235,894,20129
11228,616,21924,22540
11229,1031,14863,15894
11230,4505,2429,6934
11231,1394,4099,5493
11232,29,8972,9001
11233,792,9202,9994
11234,606,6306,6912
11235,3514,545,4059
11236,1307,4972,6279
11237,9485,8024,17509
11238,9927,11591,21518
11239,17864,17834,35698
11240,21503,11314,32817
11242,4075,6270,10345
11243,11806,5378,17184
11244,65711,28300,94011
11245,26993,19706,46699
11246,31333,12591,43924
11247,5493,12858,18351
11248,10975,5164,16139
11251,12404,17277,29681
11252,15420,15280,30700
11253,1965,1022,2987
11254,192,566,758
11255,21079,49112,70191
11256,18794,30385,49179
11257,25242,36019,61261
11260,8003,7500,15503
11261,4096,7372,11468
11262,1701,10478,12179
11266,9393,1461,10854
11267,18336,11330,29666
11268,15429,11386,26815
11269,12861,6889,19750
11270,3466,2373,5839
11271,9947,4286,14233
11272,4061,14767,18828
11273,21075,19599,40674
11274,2676,17398,20074
11275,13922,2359,16281
11276,5172,9131,14303
11277,2970,19077,22047
11278,15111,46763,61874
11279,23290,5937,29227
11280,4791,5042,9833
11281,9165,6992,16157
11282,8547,3157,11704
11283,138626,110899,249525
11284,10447,48445,58892
11285,23910,14205,38115
11286,12796,15086,27882
11287,15634,3928,19562
11291,16092,5102,21194
11292,9635,123,9758
11293,16599,137,16736
11294,157,17852,18009
11295,7382,5091,12473
11296,7656,6064,13720
11297,1233,2548,3781
11298,3246,1195,4441
11299,4351,5093,9444
11300,22494,13036,35530
11301,15206,16543,31749
11302,16003,8135,24138
11303,9196,10833,20029
11304,1722,7192,8914
11305,5313,3856,9169
11306,6647,17179,23826
11307,16506,5205,21711
11308,9105,8245,17350
11309,2034,17285,19319
11310,25932,16768,42700
11311,21155,21608,42763
11312,7694,19852,27546
11313,4245,1594,5839
11314,5458,2332,7790
11315,3003,6736,9739
11317,1852,7238,9090
11318,7375,2359,9734
11319,3044,6335,9379
11320,6161,1230,7391
11321,1167,5333,6500
11322,7160,1258,8418
11323,1073,4393,5466
11324,202,2295,2497
11325,1078,236,1314
11326,4821,11006,15827
11327,4093,948,5041
11328,9749,11941,21690
11329,6988,3226,10214
11330,10,3259,3269
11331,14247,16579,30826
11332,3443,3706,7149
11333,6378,4895,11273
11334,4520,9458,13978
11335,12953,20921,33874
11336,18858,19338,38196
11337,16470,14990,31460
11338,46295,24543,70838
11339,19976,23782,43758
11340,27246,18992,46238
11341,460,5850,6310
11343,2,516,518
11344,2575,2361,4936
11345,1098,6355,7453
11346,694,5889,6583
11347,18089,12115,30204
11348,29033,81481,110514
11349,34796,20240,55036
11350,2296,192,2488
11351,783,4789,5572
11352,5074,8187,13261
11353,5554,3925,9479
11354,26298,8890,35188
11355,14110,22097,36207
11356,4188,19337,23525
11357,12115,5275,17390
11358,10093,8016,18109
11359,189,9252,9441
11360,3460,556,4016
11361,760,5950,6710
11364,13331,1475,14806
11365,7737,9557,17294
11366,20615,25627,46242
11367,29819,40202,70021
11368,437,2770,3207
11369,3422,2638,6060
11370,86,1112,1198
11371,1272,69,1341
11372,30060,2831,32891
11373,17377,17499,34876
11374,39585,24909,64494
11375,4300,36228,40528
11376,43607,11537,55144
11377,5647,9599,15246
11378,6577,8261,14838
11379,9074,15266,24340
11380,15026,12394,27420
11381,9733,8252,17985
11382,907,4010,4917
11383,3922,710,4632
11384,873,1970,2843
11385,1498,687,2185
11386,27,5376,5403
11387,288,14,302
11388,1325,59,1384
11389,56,1584,1640
11390,7591,37334,44925
11391,16626,13702,30328
11392,87061,20710,107771
11393,18238,93377,111615
11394,11149,14279,25428
11395,22813,24801,47614
11396,3811,14317,18128
11397,6702,7170,13872
11398,54015,6359,60374
11399,9087,12117,21204
11400,11209,1046,12255
11401,1901,2475,4376
11402,8742,323,9065
11403,13825,27207,41032
11404,9516,230,9746
11405,6670,6688,13358
11406,20978,315,21293
11407,4383,25308,29691
11408,29167,144,29311
11409,5907,70,5977
11410,103,17343,17446
11411,14255,1293,15548
11412,249,10396,10645
11413,11688,1221,12909
11414,43926,54772,98698
11415,31,4743,4774
11416,43291,33436,76727
11417,10785,21841,32626
11418,8176,13922,22098
11419,112,1940,2052
11420,389,420,809
11421,754,1112,1866
11422,998,934,1932
11423,4525,9164,13689
11424,10082,4650,14732
11425,69574,21304,90878
11426,35319,58220,93539
11428,5885,3134,9019
11429,2837,7571,10408
11430,2482,2846,5328
11431,659,72,731
11432,198,311,509
11433,4805,16267,21072
11434,20267,17358,37625
11435,12830,25041,37871
11436,14198,9866,24064
11437,12034,19636,31670
11438,27384,10811,38195
11439,7563,4817,12380
11440,5890,4384,10274
11441,2052,3584,5636
11442,8808,9079,17887
11443,4588,53,4641
11444,4,329,333
11445,4627,5842,10469
11446,5499,5817,11316
11447,32523,28994,61517
11448,25573,13821,39394
11449,654,646,1300
11450,357,492,849
11451,1051,99,1150
11452,15988,10215,26203
11453,9549,34047,43596
11454,63121,10921,74042
11455,20890,67755,88645
11456,759,893,1652
11457,32649,268,32917
11458,9077,277,9354
11459,1418,1051,2469
11460,36,949,985
11461,80,886,966
11462,353,1203,1556
11463,1581,523,2104
11464,8671,1981,10652
11465,3969,7262,11231
11466,2969,16,2985
11467,7,1905,1912
11468,6387,3391,9778
11469,34,1190,1224
11470,1340,43,1383
11474,70,5891,5961
11475,2681,307,2988
11476,3467,16213,19680
11477,1028,2817,3845
11478,1492,11609,13101
11479,399,6718,7117
11481,54425,42875,97300
11482,1981,416,2397
11485,27,14069,14096
11486,26753,9135,35888
11487,13,1847,1860
11489,1406,215,1621
11490,727,3491,4218
11491,12319,91,12410
11493,10250,5090,15340
11499,2859,2614,5473
11500,2433,2131,4564
11501,218,839,1057
11502,3491,23,3514
11503,3722,1877,5599
11504,23,2852,2875
11505,6172,8254,14426
11506,25,7531,7556
11507,183,815,998
11508,445,394,839
11509,263,558,821
11511,3865,163,4028
11512,2089,1812,3901
11513,14960,10963,25923
11514,5890,2298,8188
11515,45019,38555,83574
11516,1211,218,1429
11518,2605,744,3349
11519,1194,15,1209
11520,9546,136,9682
11521,352,1427,1779
11522,6612,727,7339
11524,5561,3431,8992
11527,89,635,724
11530,5105,328,5433
11531,5039,2286,7325
11532,234,718,952
11534,152,1265,1417
11535,15004,1738,16742
11537,9006,849,9855
11538,8237,6952,15189
11539,535,2474,3009
11540,5857,559,6416
11541,2328,219,2547
11542,6382,477,6859
11545,1182,5206,6388
11546,4831,1612,6443
11549,878,3102,3980
11550,530,1961,2491
11551,168,964,1132
11552,609,1913,2522
11553,4041,2562,6603
11554,704,233,937
11556,3397,9137,12534
11557,9987,2091,12078
11558,2565,2159,4724
11559,85,1112,1197
11560,2120,1114,3234
11562,2076,48869,50945
11563,39337,14867,54204
11564,490,3329,3819
11566,589,1400,1989
11567,14316,7437,21753
11571,366,1867,2233
11572,1580,554,2134
11576,6081,951,7032
11577,8160,1839,9999
11581,1007,3268,4275
11583,113,379,492
11587,2538,805,3343
11589,7102,14383,21485
11590,6275,9382,15657
11592,17,183,200
11593,3615,2575,6190
11594,2085,2990,5075
11595,60210,3570,63780
11596,18666,12814,31480
11597,36,373,409
11599,12,252,264
11601,7288,2712,10000
11602,12,547,559
11603,922,202,1124
11604,6319,383,6702
11605,1994,335,2329
11607,367,16630,16997
11609,152,3207,3359
11611,90,1481,1571
11634,203,717,920
11675,1023,1398,2421
11680,361,613,974
11723,2623,661,3284
11781,5805,1790,7595
11784,7847,8919,16766
11793,1657,1206,2863
11796,245,5155,5400
11801,1896,2068,3964
11803,3946,3121,7067
11804,1007,1281,2288
11818,5095,913,6008
11819,452,3273,3725
11842,531,195,726
11843,2842,781,3623
11844,42,5010,5052
11845,7131,3014,10145
11846,2368,6607,8975
11847,438,6110,6548
11848,50,8939,8989
11866,1982,461,2443
11867,1345,1055,2400
11868,2235,4452,6687
11869,20,261,281
11874,2541,1645,4186
11875,914,4004,4918
11879,14096,25640,39736
11880,768,5849,6617
11881,1525,129,1654
11882,56,2235,2291
11884,809,329,1138
11885,197,1976,2173
11886,1658,312,1970
11887,154,3197,3351
11888,5080,810,5890
11890,945,196,1141
11893,936,181,1117
11894,382,7099,7481
11897,173,254,427
11898,652,2632,3284
11899,5,1210,1215
11901,342,317,659
11902,1240,4630,5870
11903,274,2808,3082
11904,281,1348,1629
11906,412,4632,5044
11907,201,836,1037
11910,272,1547,1819
11915,97,513,610
11916,731,5626,6357
11926,3188,7717,10905
11927,430,3752,4182
11928,1060,4242,5302
11929,1018,8817,9835
11930,230,739,969
11931,11804,17903,29707
11933,48,2387,2435
11934,182,2489,2671
11935,8576,5918,14494
11936,718,10,728
11937,750,45,795
11938,862,277,1139
11939,314,1111,1425
12001,24893,8690,33583
12002,16194,23017,39211
12003,31289,13887,45176
12004,6772,22372,29144
12005,30094,25474,55568
12006,19177,38272,57449
12007,86157,75678,161835
12008,69253,61629,130882
12009,5610,14883,20493
12010,17707,6265,23972
12011,13037,25706,38743
12012,16484,12188,28672
12013,9564,26941,36505
12014,33525,13051,46576
12015,17870,39254,57124
12016,53963,35206,89169
12017,88721,51323,140044
12018,48127,77602,125729
12019,17960,40316,58276
12020,29354,22317,51671
12021,61433,37083,98516
12022,33460,37006,70466
12023,35072,48022,83094
12024,66332,42908,109240
12025,20851,36163,57014
12026,34851,19910,54761
12027,31750,39372,71122
12028,23816,24765,48581
12103,2392,11618,14010
12104,3836,6595,10431
12105,940,6613,7553
12106,28706,30793,59499
12107,1309,2111,3420
12109,1904,2895,4799
12111,104612,52801,157413
12112,78685,72043,150728
12113,1224,31849,33073
12117,1474,1878,3352
12118,470,1471,1941
12119,35327,15676,51003
12120,12344,6703,19047
12121,4717,3326,8043
12122,5380,4432,9812
12125,127920,54356,182276
12126,56012,35047,91059
12127,29012,34232,63244
12128,27240,38354,65594
12129,23187,24880,48067
12130,78391,42781,121172
12131,35514,65742,101256
12132,30158,16411,46569
12133,43237,34525,77762
12134,28882,28273,57155
12135,43772,86771,130543
12137,9423,9518,18941
12138,30726,26309,57035
12139,9834,19688,29522
12140,11015,31304,42319
12141,8571,19015,27586
12142,6517,15877,22394
12143,19012,31174,50186
12144,3262,14842,18104
12145,2360,11785,14145
12146,8818,2010,10828
12147,10772,5878,16650
12148,75641,15931,91572
12149,11883,7166,19049
12150,22186,7713,29899
12151,36507,20627,57134
12152,14980,11266,26246
12153,22766,18100,40866
12154,10648,7462,18110
12155,13228,10229,23457
12156,12519,15521,28040
12157,27650,34475,62125
12158,33215,16600,49815
12159,3967,9735,13702
12160,19431,9275,28706
12161,5309,23349,28658
12162,28989,25826,54815
12163,16954,12212,29166
12164,10087,15470,25557
12165,23462,23763,47225
12166,39361,19416,58777
12167,21447,13931,35378
12168,11772,11982,23754
12169,31434,89296,120730
12170,12158,11325,23483
12172,15476,12145,27621
12173,22375,24638,47013
12174,52798,19241,72039
12175,14693,11797,26490
12176,99557,40335,139892
12177,14135,15267,29402
12178,17737,23669,41406
12179,13584,10819,24403
12180,26370,17890,44260
12181,14193,21542,35735
12182,33238,20553,53791
12183,16403,42977,59380
12184,33882,127227,161109
12185,79302,22819,102121
12186,12278,19812,32090
12187,8560,33076,41636
12188,7167,29515,36682
12189,9077,16494,25571
12190,4198,12204,16402
12192,12630,4361,16991
12195,2776,14419,17195
12197,12871,5384,18255
12198,25561,12682,38243
12199,43299,7540,50839
12200,34681,8043,42724
12201,14618,28869,43487
12202,35448,64118,99566
12203,95238,17602,112840
12204,16911,15029,31940
12205,9131,15056,24187
12206,27331,15697,43028
12207,22459,20575,43034
12208,9203,10964,20167
12209,5303,13115,18418
12210,8956,16211,25167
12211,20314,45394,65708
12212,9160,51097,60257
12213,4867,29685,34552
12214,1892,16327,18219
12215,18678,3003,21681
12216,41236,6779,48015
12217,51975,9724,61699
12218,39636,12176,51812
12219,36610,10403,47013
12220,27957,19081,47038
12221,1860,2292,4152
12222,2731,1507,4238
12223,905,3119,4024
12224,3615,4075,7690
12225,5577,5233,10810
12227,807,333,1140
12229,6145,348,6493
12230,4350,8089,12439
12231,403,3037,3440
12232,147,4264,4411
12233,1064,18190,19254
12234,17090,478,17568
12235,2047,258,2305
12236,3950,733,4683
12237,3401,2115,5516
12238,528,4235,4763
12239,85,2438,2523
12240,95,968,1063
12241,8490,3093,11583
12242,2358,13099,15457
12243,9583,9178,18761
12244,11773,3891,15664
12245,2196,3084,5280
12246,10167,7979,18146
12247,3799,12419,16218
12248,14791,11843,26634
12249,53467,14237,67704
12250,7217,7064,14281
12251,306,6183,6489
12252,856,2641,3497
12253,12872,15322,28194
12254,11056,55882,66938
12255,19577,6962,26539
12256,21460,5065,26525
12257,3436,7883,11319
12258,4451,7207,11658
12259,5915,8600,14515
12260,7625,7046,14671
12261,9698,13388,23086
12262,3447,10593,14040
12263,6953,18156,25109
12264,5265,10003,15268
12265,1553,8364,9917
12266,8992,3209,12201
12267,11382,5418,16800
12268,23074,6142,29216
12269,6700,3252,9952
12270,4699,8499,13198
12271,23303,5238,28541
12272,4882,4535,9417
12273,7765,7966,15731
12274,7086,3272,10358
12275,6895,8847,15742
12276,7548,8073,15621
12277,3495,4461,7956
12278,5591,7944,13535
12279,22071,11164,33235
12280,3879,6588,10467
12281,3264,6109,9373
12282,3730,9458,13188
12283,8858,6971,15829
12284,1503,8087,9590
12285,3311,8325,11636
12286,1469,4563,6032
12287,10400,3251,13651
12288,13937,2726,16663
12289,5324,4601,9925
12290,9142,8348,17490
12291,13764,4355,18119
12292,6104,4096,10200
12293,7603,6380,13983
12294,11327,26904,38231
12295,5386,10102,15488
12296,18646,11668,30314
12303,5167,9769,14936
12304,27614,27304,54918
12305,21421,23504,44925
12307,21406,13402,34808
12308,25103,15692,40795
12309,9313,5821,15134
12310,38830,12762,51592
12311,11965,1680,13645
12314,233,6053,6286
12315,11433,5247,16680
12316,1973,49,2022
12317,829,70,899
12318,265,8573,8838
12319,904,17251,18155
12320,4101,6392,10493
12321,15918,14908,30826
12322,12204,16992,29196
12323,17579,12937,30516
12324,2419,8404,10823
12329,1961,2386,4347
12330,819,4193,5012
12331,753,5400,6153
12332,3299,999,4298
12333,2813,10620,13433
12334,9219,2402,11621
12335,19075,8987,28062
12336,9754,7744,17498
12337,6234,16267,22501
12338,10654,7746,18400
12339,9357,11991,21348
12340,1336,1741,3077
12341,957,1986,2943
12343,590,285,875
12345,970,151,1121
12347,1107,355,1462
12350,1456,21569,23025
12351,23536,2118,25654
12361,1589,7104,8693
12364,21764,42644,64408
12365,4510,1606,6116
12366,5584,30276,35860
12367,5029,7214,12243
12368,8444,3925,12369
12381,31903,149688,181591
12388,9483,4935,14418
12390,12078,2496,14574
12391,1632,9376,11008
12393,5987,1611,7598
12394,2279,4284,6563
12406,1282,1364,2646
12409,12,2972,2984
12415,4740,9194,13934
12416,6154,1910,8064
12417,6093,7454,13547
12418,4564,424,4988
12419,5603,3260,8863
12420,504,1205,1709
12421,3746,7274,11020
12422,10344,7776,18120
12423,5446,10357,15803
12424,38,814,852
12425,1801,167,1968
12426,778,159,937
12427,7212,20652,27864
12429,7632,25934,33566
12430,18132,4848,22980
12431,3689,16144,19833
12432,24091,5943,30034
12433,1864,2822,4686
12434,11062,7860,18922
12435,3161,13673,16834
12436,26728,17229,43957
12437,3961,19998,23959
12439,17864,10182,28046
12440,5765,2025,7790
12441,749,2761,3510
12442,3150,149,3299
12445,5481,3552,9033
12446,2282,6073,8355
12447,3199,3245,6444
12448,3099,5501,8600
12449,10776,3876,14652
12450,7410,11744,19154
12453,2798,22288,25086
12455,2804,11995,14799
12456,2840,6236,9076
12457,33994,4641,38635
12458,13749,2867,16616
12459,1789,9647,11436
12460,5383,5382,10765
12461,2190,4996,7186
12462,6993,11459,18452
12463,16933,12210,29143
12464,26578,3822,30400
12465,9737,4498,14235
12466,11521,296,11817
12467,137,5094,5231
12469,3039,210,3249
12470,219,5022,5241
12471,980,15432,16412
12472,13966,1070,15036
12473,11858,3985,15843
12474,7787,11809,19596
12475,2633,6532,9165
12476,9940,5224,15164
12477,3429,7894,11323
12478,2797,31526,34323
12479,2266,308,2574
12480,3319,7225,10544
12481,6215,4250,10465
12498,5591,2568,8159
12499,2628,6784,9412
12500,9110,9703,18813
12501,1555,219,1774
12502,4274,338,4612
12503,6653,7221,13874
12504,2291,1396,3687
12506,1769,84,1853
12507,3595,891,4486
12508,931,0,931
12509,1787,30,1817
12510,1357,7,1364
12511,215,4,219
12512,3719,374,4093
12513,3360,1711,5071
12514,1813,11,1824
12515,4725,65,4790
12516,2124,20,2144
12517,169,9,178
12518,751,672,1423
12520,1509,34,1543
12521,5839,181,6020
12522,1477,31,1508
12523,194,11,205
12524,9108,45188,54296
12525,490,1220,1710
12526,2132,94,2226
12527,1624,255,1879
12528,3718,151,3869
12529,1468,67,1535
12531,2677,2684,5361
12532,666,666,1332
12533,3089,287,3376
12534,642,26,668
12536,794,1026,1820
12538,1109,832,1941
12539,1276,148,1424
12540,82,2424,2506
12541,2028,823,2851
12542,1672,1080,2752
12543,3801,1624,5425
12544,897,493,1390
12545,17,2866,2883
12546,2112,1248,3360
12547,1516,602,2118
12548,947,1364,2311
12549,16,4193,4209
12550,1655,1869,3524
12551,2288,597,2885
12553,170,1869,2039
12554,3657,2828,6485
12555,3169,2110,5279
12556,663,1945,2608
12558,14,688,702
12559,3743,47,3790
12560,38580,9937,48517
12561,3506,5110,8616
12562,381,657,1038
12563,7,214,221
12564,1735,34,1769
12566,19822,25724,45546
12567,3855,3087,6942
12568,13,201,214
12569,1761,299,2060
12571,4862,1442,6304
12572,473,2141,2614
12573,194,866,1060
12577,644,1640,2284
12581,26713,3305,30018
12582,3639,3060,6699
12584,33,4245,4278
12585,616,1514,2130
12588,29,5660,5689
12589,631,4606,5237
12590,3774,5805,9579
12592,5,3999,4004
12593,923,4085,5008
12594,2741,5707,8448
12595,276,1390,1666
12596,18,3363,3381
12598,564,4441,5005
12599,156,1241,1397
12600,44,1416,1460
12603,65,2626,2691
12612,572,1453,2025
12615,7,1641,1648
12623,3,899,902
12627,2306,4287,6593
12679,2528,1372,3900
12682,278,950,1228
12684,660,1316,1976
12685,90,856,946
12705,85,2604,2689
12706,5,1960,1965
12713,10,2015,2025
12714,5,1103,1108
12723,2,1279,1281
12725,40223,30406,70629
12727,137,103,240
12733,698,700,1398
12750,1447,3324,4771
12792,2736,112,2848
12794,3918,45,3963
12795,2462,100,2562
12804,166,758,924
12806,13479,567,14046
12807,457,1470,1927
12808,20,4719,4739
12809,32,9823,9855
12810,151,2874,3025
12811,3691,74,3765
12812,7343,32,7375
12813,4694,66,4760
12814,7203,495,7698
12815,1515,283,1798
12816,285,14180,14465
12817,82,6522,6604
12818,46,9559,9605
12819,289,4859,5148
12820,91,296,387
12821,889,1722,2611
12827,1576,592,2168
12828,1619,222,1841
12829,2324,518,2842
12830,411,2228,2639
12831,250,1368,1618
12832,1099,955,2054
12833,7608,4397,12005
12834,3987,30,4017
12835,4607,40,4647
12836,5493,320,5813
12837,8278,698,8976
12838,1713,237,1950
12839,818,833,1651
12840,615,2033,2648
12841,173,5982,6155
12842,23122,9472,32594
12843,1244,1066,2310
12844,63,281,344
12845,184,2129,2313
12846,106,4524,4630
12847,437,10641,11078
12848,1494,6849,8343
12849,36,4256,4292
12850,19,7708,7727
12851,86,1465,1551
12852,1600,1464,3064
12853,1614,3374,4988
12854,1294,570,1864
12855,566,2891,3457
12856,4269,6401,10670
12857,1678,26,1704
12858,261,23,284
12859,313,742,1055
12860,1062,4260,5322
12861,10583,919,11502
12863,1182,2686,3868
12864,76,5894,5970
12865,3384,3767,7151
12866,2574,37,2611
12867,8633,4207,12840
12869,9056,6770,15826
12870,156,585,741
12871,70,1061,1131
12872,124,2299,2423
12873,75,5343,5418
12874,2608,396,3004
12875,815,23,838
12876,1018,29,1047
12877,258,102,360
12880,1860,374,2234
12881,225,415,640
12882,60,1102,1162
12883,64,1986,2050
12884,47,1542,1589
12885,44,1534,1578
12886,752,547,1299
12887,2107,4490,6597
12888,4036,256,4292
12889,88,10,98
12890,300,36,336
12891,145,375,520
12900,151,21442,21593
12991,123,3060,3183
13001,31756,13920,45676
13002,12070,36663,48733
13003,33624,18704,52328
13004,14036,20005,34041
13005,66916,64983,131899
13006,26191,26728,52919
13007,58150,44059,102209
13008,56223,75572,131795
13009,64527,58024,122551
13010,59043,69680,128723
13011,32334,36753,69087
13012,95091,73779,168870
13013,80075,67720,147795
13014,43348,42336,85684
13015,50745,61103,111848
13016,95044,51086,146130
13017,45570,61097,106667
13019,41911,50226,92137
13021,124911,74961,199872
13023,40154,46514,86668
13025,39753,70752,110505
13026,49500,52276,101776
13027,53628,48675,102303
13028,130094,111613,241707
13029,113427,107081,220508
13030,50867,21016,71883
13031,27276,15426,42702
13032,28016,60028,88044
13033,25636,19510,45146
13034,53405,67614,121019
13035,41203,43555,84758
13036,78145,102176,180321
13037,81905,47592,129497
13038,40322,81429,121751
13039,43590,70809,114399
13040,23217,73049,96266
13042,32329,38780,71109
13044,61282,95666,156948
13045,43836,62645,106481
13046,36393,44798,81191
13047,41257,64339,105596
13094,493,1048,1541
13096,846,691,1537
13106,5386,3043,8429
13107,36846,11670,48516
13108,4389,5442,9831
13109,60134,82977,143111
13110,17921,14392,32313
13111,27707,25770,53477
13112,9226,13262,22488
13113,3010,1569,4579
13114,25893,63531,89424
13115,4168,771,4939
13116,46795,46173,92968
13117,4895,965,5860
13118,2487,13215,15702
13119,16864,26532,43396
13120,26977,25791,52768
13121,27498,31680,59178
13122,1957,1365,3322
13123,1626,5588,7214
13124,7079,9887,16966
13125,23053,7560,30613
13133,21044,26498,47542
13134,19795,35075,54870
13137,28953,32743,61696
13140,12868,6703,19571
13141,5399,7695,13094
13142,10342,10704,21046
13143,7019,11462,18481
13144,87296,34321,121617
13145,54744,27593,82337
13146,35729,53430,89159
13147,86562,101561,188123
13148,40428,44783,85211
13149,66720,30167,96887
13150,13421,13288,26709
13151,68936,54150,123086
13152,14415,42150,56565
13153,38964,18354,57318
13154,18301,52173,70474
13155,40539,17447,57986
13156,35025,61916,96941
13157,48144,25396,73540
13158,39309,29919,69228
13159,68216,51198,119414
13160,15558,11414,26972
13161,33351,14194,47545
13162,29328,25448,54776
13163,14526,15794,30320
13164,23806,36014,59820
13165,23938,13844,37782
13166,12533,24086,36619
13167,23009,16373,39382
13168,28732,26909,55641
13169,38856,27227,66083
13170,10176,11626,21802
13171,11780,11346,23126
13172,5619,6627,12246
13173,6095,6523,12618
13174,11465,15889,27354
13175,32249,17021,49270
13176,27667,14787,42454
13177,10971,14264,25235
13178,12651,11223,23874
13179,10106,11482,21588
13180,28460,11703,40163
13181,11758,21449,33207
13182,14223,29182,43405
13183,35877,14094,49971
13184,8504,14048,22552
13185,26362,10112,36474
13186,6038,18747,24785
13188,12987,33944,46931
13189,45188,9311,54499
13190,3603,5243,8846
13191,13715,37057,50772
13192,5963,3565,9528
13193,50487,12971,63458
13194,26740,99625,126365
13195,91775,17971,109746
13196,17901,34959,52860
13197,49081,20014,69095
13198,7562,8941,16503
13199,9821,15849,25670
13200,19887,17324,37211
13201,16604,14984,31588
13202,8453,13058,21511
13203,1433,5751,7184
13204,2338,7564,9902
13205,6745,2557,9302
13206,12949,2477,15426
13207,7179,1869,9048
13208,5593,4468,10061
13209,7841,12055,19896
13210,48276,37959,86235
13211,18498,14200,32698
13212,2288,1913,4201
13213,4751,2525,7276
13214,1344,6591,7935
13215,3910,4988,8898
13216,7251,5425,12676
13217,10918,7001,17919
13218,33704,15465,49169
13219,22737,40187,62924
13220,59076,57225,116301
13221,53456,41831,95287
13222,17039,12019,29058
13223,16537,22711,39248
13224,15729,7173,22902
13225,3510,13498,17008
13226,22314,4515,26829
13227,5341,25500,30841
13228,43471,9337,52808
13229,11340,34370,45710
13230,46812,28804,75616
13231,23758,43089,66847
13232,8222,12977,21199
13233,6532,10199,16731
13234,7302,7207,14509
13235,7843,6810,14653
13236,5924,4157,10081
13237,2498,5182,7680
13238,2476,1719,4195
13240,14132,14853,28985
13241,5146,9376,14522
13242,11939,6587,18526
13250,9272,1747,11019
13252,5478,8357,13835
13256,12926,2719,15645
13258,7640,8016,15656
13259,44168,32440,76608
13260,14085,3399,17484
13261,2073,7104,9177
13262,5430,2334,7764
13263,4459,5018,9477
13264,19556,25114,44670
13265,20621,23128,43749
13266,1047,627,1674
13267,6772,7155,13927
13268,11746,8690,20436
13270,59924,28693,88617
13278,3668,261,3929
13279,3532,38,3570
13280,2552,3035,5587
13281,724,8506,9230
13282,12445,14771,27216
13285,7388,43,7431
13299,1147,4231,5378
13313,2137,79,2216
13314,60,5834,5894
13324,51980,29519,81499
13325,1625,564,2189
13326,1865,3181,5046
13327,2997,691,3688
13328,2266,2114,4380
13329,6938,1355,8293
13330,3753,6165,9918
13331,6119,7314,13433
13332,1051,1996,3047
13334,48874,62677,111551
13335,1838,6066,7904
13336,15,341,356
13337,4186,6827,11013
13338,2027,2999,5026
13339,12096,35228,47324
13340,3286,5271,8557
13341,3977,4498,8475
13499,290,9042,9332
13500,6024,9241,15265
13501,1893,93,1986
13502,1436,20,1456
13503,537,2604,3141
13505,164,380,544
13506,3051,1921,4972
13507,31040,30284,61324
13508,346,3009,3355
13509,1151,5072,6223
13510,7791,15319,23110
13511,1429,374,1803
13512,18143,42,18185
13513,56,1,57
13514,1088,20,1108
13515,3067,817,3884
13516,330,4,334
13517,5274,31,5305
13518,10194,74,10268
13519,264,444,708
13520,15041,226,15267
13521,2096,2051,4147
13522,7978,82,8060
13523,21518,304,21822
13524,2204,26,2230
13526,549,3,552
13527,39,12,51
13528,6490,1506,7996
13529,244,20,264
13530,9994,149,10143
13531,3016,99,3115
13532,112,553,665
13534,46,49,95
13535,1646,338,1984
13536,4877,70,4947
13537,1260,36,1296
13538,13163,168,13331
13539,2027,38,2065
13540,1042,4087,5129
13541,7582,2004,9586
13542,960,11,971
13544,18943,324,19267
13545,2504,3616,6120
13546,172,319,491
13547,2184,5742,7926
13548,3849,160,4009
13549,1109,544,1653
13550,7815,212,8027
13551,2436,176,2612
13553,11977,1651,13628
13554,1158,10,1168
13556,4023,868,4891
13557,890,1016,1906
13560,2857,2093,4950
13561,1544,1583,3127
13562,4912,294,5206
13563,5770,13013,18783
13564,863,4700,5563
13565,1257,56,1313
13566,3666,350,4016
13567,3418,7344,10762
13570,859,436,1295
13571,24282,13246,37528
13572,1763,4627,6390
13574,5478,1825,7303
13575,1028,735,1763
13577,8918,43908,52826
13578,511,134,645
13583,31395,11674,43069
13586,6520,1571,8091
13587,2808,2517,5325
13589,5247,3128,8375
13590,330,243,573
13591,2011,232,2243
13592,986,1263,2249
13593,145,1969,2114
13594,3487,3354,6841
13595,9369,40437,49806
13596,5113,4240,9353
13597,1092,243,1335
13598,972,1530,2502
13599,269,2315,2584
13600,7325,2424,9749
13617,2822,3054,5876
13626,1237,5262,6499
13654,1339,642,1981
13656,1468,2736,4204
13659,440,7508,7948
13660,2276,1680,3956
13664,5371,761,6132
13665,4360,2837,7197
13667,2242,12286,14528
13668,1006,5300,6306
13669,3770,6691,10461
13695,444,2557,3001
13698,977,3503,4480
13699,504,306,810
13700,1502,366,1868
13715,512,6231,6743
13716,3686,919,4605
13720,4729,5896,10625
13724,730,3676,4406
13725,9541,6842,16383
13726,281,673,954
13731,7092,15526,22618
13737,2191,863,3054
13740,8508,3934,12442
13747,6079,5291,11370
13749,7597,9855,17452
13751,568,531,1099
13754,2181,6482,8663
13755,4305,3962,8267
13764,201,928,1129
13793,15955,13371,29326
13794,119,12921,13040
13795,2457,1196,3653
13796,186,3713,3899
13798,6535,1512,8047
13801,3366,3709,7075
13802,113709,41138,154847
13803,965,14675,15640
13804,696,1696,2392
13805,94,6655,6749
13808,7,520,527
13813,2406,3403,5809
13814,75,8769,8844
13816,2594,1842,4436
13818,140,7124,7264
13819,997,1254,2251
13820,1085,2139,3224
13821,19603,21809,41412
13822,155,17194,17349
13823,5905,7157,13062
13824,41,3599,3640
13826,1626,2881,4507
13827,239,1807,2046
13828,6939,10929,17868
13830,6283,5282,11565
13831,133,3420,3553
13832,262,868,1130
13833,65,2534,2599
13834,7799,27257,35056
13835,491,2261,2752
13837,4989,13748,18737
13838,672,2381,3053
13839,97,4196,4293
13840,6142,13911,20053
13841,95,4009,4104
13844,112,3594,3706
13845,9,480,489
13846,3762,3898,7660
13847,1699,1838,3537
13848,2478,7670,10148
13849,5588,10370,15958
13850,3016,1157,4173
13852,12,997,1009
13853,19,305,324
13855,268,928,1196
13857,3921,35,3956
13858,10082,2706,12788
13859,1,1007,1008
13860,273,1088,1361
13861,3132,2259,5391
13862,158,1139,1297
13864,2208,189,2397
13865,1353,8559,9912
13866,202,2498,2700
13867,55,1179,1234
13869,4154,502,4656
13870,569,4790,5359
13871,2018,2698,4716
13874,4388,584,4972
13875,4032,8436,12468
13876,578,7587,8165
13877,32,12845,12877
13878,2958,1420,4378
13879,619,4463,5082
13880,2026,8276,10302
13881,411,18667,19078
13882,12,4775,4787
13883,1349,644,1993
13885,1785,10397,12182
13886,72,1986,2058
13887,1650,2139,3789
13888,2085,11354,13439
13891,10193,369,10562
13892,977,3240,4217
13893,458,8494,8952
13894,122,14853,14975
13895,97,2351,2448
13897,560,5216,5776
13898,154,14895,15049
13902,0,324,324
13905,67,23548,23615
13907,5,816,821
13911,113680,78059,191739
13912,11568,6976,18544
13913,739,29,768
13915,463,232,695
13916,503,4820,5323
13917,61598,21533,83131
13918,17146,5037,22183
13919,15922,5604,21526
13922,20513,14934,35447
13923,294,742,1036
13924,22,1327,1349
13926,66220,10495,76715
13927,713,269,982
13928,879,7835,8714
13929,23971,39563,63534
13930,61,1331,1392
13933,2088,246,2334
13934,3991,2314,6305
13935,7963,18428,26391
13936,932,472,1404
13937,874,226,1100
13938,317,1244,1561
13939,651,261,912
13940,2365,1827,4192
13941,1064,3391,4455
13942,940,1311,2251
13943,2109,633,2742
13944,826,24,850
13945,4515,183,4698
13946,7525,8729,16254
13947,1266,558,1824
13952,3702,1063,4765
13953,80,453,533
13955,10833,8053,18886
13956,12171,192,12363
13957,127,1527,1654
13958,151,2300,2451
13959,201,3769,3970
13960,200,3848,4048
13961,113,2239,2352
13962,63,1054,1117
13963,26,289,315
13964,2791,1205,3996
13965,326,23,349
13966,862,128,990
13967,2089,386,2475
13968,1612,216,1828
13969,2237,286,2523
13971,815,185,1000
13972,91,603,694
13973,368,1033,1401
13974,679,756,1435
13975,794,1761,2555
13976,1504,364,1868
13977,279,7453,7732
13978,9,2582,2591
14001,100497,103165,203662
14002,80637,68134,148771
14003,36802,49098,85900
14004,44070,41482,85552
14005,30791,22045,52836
14006,23125,25801,48926
14007,35209,23924,59133
14008,30969,30269,61238
14009,21486,17393,38879
14010,26648,23640,50288
14011,62512,136642,199154
14012,150044,33916,183960
14013,50978,68167,119145
14014,59561,46304,105865
14015,295516,174838,470354
14016,139300,223717,363017
14061,95834,121996,217830
14062,76126,91582,167708
14063,32365,40474,72839
14064,87731,66338,154069
14065,7215,10138,17353
14066,4950,10883,15833
14067,44328,40685,85013
14068,63322,42379,105701
14096,3340,48936,52276
14097,3210,64010,67220
14098,65,39209,39274
14099,84,14843,14927
14100,15899,14617,30516
14101,19768,30572,50340
14102,31059,18271,49330
14103,22428,11656,34084
14104,19977,25601,45578
14105,11333,8974,20307
14106,6934,9358,16292
14107,1129,7407,8536
14108,9033,1146,10179
14109,1563,6460,8023
14110,6272,910,7182
14111,31367,17639,49006
14112,18153,36036,54189
14115,2277,6445,8722
14116,9044,10586,19630
14117,12985,15377,28362
14118,15139,12396,27535
14119,14809,13779,28588
14120,7591,10690,18281
14121,6736,6123,12859
14122,6027,5886,11913
14123,6180,6577,12757
14124,6428,5681,12109
14125,683,695,1378
14126,587,1275,1862
14127,1012,724,1736
14128,393,934,1327
14129,1369,9563,10932
14130,1735,2128,3863
14131,202,0,202
14132,16651,11348,27999
14133,146,2,148
14134,521,9608,10129
14135,11964,1630,13594
14136,20,0,20
14137,6,38,44
14138,155,238,393
14139,132,42,174
14140,5,40,45
14141,22220,42194,64414
14142,39623,18334,57957
14143,8504,9662,18166
14144,8156,14657,22813
14145,27853,13634,41487
14146,25349,27004,52353
14147,2,457,459
14148,0,41,41
14149,12125,17113,29238
14150,19887,10918,30805
14151,4960,10508,15468
14152,16344,24492,40836
14153,25006,6765,31771
14154,4411,3953,8364
14155,1265,5631,6896
14156,4209,16785,20994
14157,13739,2654,16393
14158,36960,17204,54164
14159,8362,28490,36852
14160,11891,21381,33272
14161,38495,15239,53734
14162,13444,16918,30362
14163,23683,12110,35793
14164,8951,25036,33987
14165,17960,7568,25528
14166,34837,12247,47084
14167,17167,41558,58725
14168,17431,12189,29620
14169,12249,36189,48438
14170,17520,16694,34214
14171,15282,17781,33063
14172,19475,19499,38974
14173,25040,18920,43960
14174,10502,17533,28035
14175,32395,21088,53483
14176,18528,16634,35162
14177,24220,22576,46796
14178,23772,23108,46880
14179,36975,26341,63316
14180,20402,31186,51588
14181,4387,8961,13348
14182,12204,7366,19570
14184,1623,5297,6920
14185,35352,14667,50019
14186,5673,17490,23163
14187,15955,27698,43653
14188,20821,11047,31868
14189,2236,1174,3410
14190,19254,6859,26113
14191,3323,9114,12437
14192,9547,10293,19840
14193,21631,11467,33098
14194,48461,9357,57818
14195,11095,48114,59209
14196,17555,12551,30106
14197,7852,10507,18359
14198,18819,16883,35702
14199,16583,24689,41272
14200,12295,49009,61304
14201,54351,11880,66231
14202,6485,11365,17850
14203,13023,9384,22407
14204,32606,8057,40663
14205,5983,31198,37181
14207,13529,5811,19340
14208,16028,3411,19439
14209,2213,12395,14608
14210,9898,9570,19468
14211,6360,8510,14870
14212,13888,20394,34282
14213,1878,6664,8542
14215,6698,2690,9388
14216,999,13764,14763
14218,44894,5498,50392
14219,21710,10234,31944
14220,11745,23654,35399
14224,57819,21746,79565
14226,79768,81239,161007
14228,38794,44391,83185
14230,10272,4301,14573
14231,3096,5432,8528
14232,9665,3573,13238
14233,13115,23618,36733
14234,6377,4269,10646
14235,5967,11324,17291
14236,2102,2429,4531
14237,2002,1726,3728
14238,3240,2662,5902
14239,5331,2723,8054
14240,3086,2339,5425
14241,7325,5223,12548
14242,1969,1153,3122
14244,25593,8971,34564
14245,13017,27227,40244
14246,6829,10924,17753
14247,3736,6332,10068
14248,5712,14930,20642
14249,11981,5126,17107
14250,18801,13229,32030
14251,13371,19795,33166
14252,6206,10318,16524
14253,14837,7394,22231
14254,3007,1044,4051
14255,700,2056,2756
14256,3713,15759,19472
14257,3563,1636,5199
14258,947,2151,3098
14259,2010,2395,4405
14260,3469,1189,4658
14261,1897,1591,3488
14262,1076,2041,3117
14263,5813,1285,7098
14264,1385,582,1967
14265,2616,8028,10644
14266,7605,2244,9849
14267,9905,2793,12698
14268,4068,7778,11846
14269,4167,5776,9943
14270,6013,3015,9028
14271,13351,31991,45342
14272,26955,21352,48307
14273,3933,6329,10262
14274,3591,11104,14695
14275,579,2006,2585
14283,7992,15310,23302
14284,17323,5950,23273
14286,31490,56162,87652
14287,76503,39053,115556
14288,34583,44086,78669
14289,43736,26839,70575
14290,7568,3253,10821
14291,33551,29802,63353
14292,1742,6767,8509
14293,23468,8443,31911
14295,9642,5843,15485
14296,95213,25628,120841
14305,12937,2571,15508
14306,4869,4845,9714
14307,24342,58077,82419
14308,678,3364,4042
14309,932,980,1912
14310,1307,402,1709
14311,930,884,1814
14312,409,424,833
14313,267,400,667
14314,8194,8461,16655
14315,5834,914,6748
14316,1717,2792,4509
14317,3968,6236,10204
14328,7051,392,7443
14330,668,6221,6889
14331,5200,899,6099
14332,2064,3308,5372
14333,499,4083,4582
14334,2729,17030,19759
14335,49918,5125,55043
14336,2422,6594,9016
14337,2053,21263,23316
14338,957,10931,11888
14339,19075,1744,20819
14340,4825,350,5175
14341,473,3534,4007
14342,5781,3781,9562
14343,2935,2999,5934
14344,4913,4706,9619
14346,779,2339,3118
14347,2210,2361,4571
14348,5074,4508,9582
14349,6038,4661,10699
14350,3689,3849,7538
14351,3631,4876,8507
14352,2334,884,3218
14353,558,2485,3043
14354,188,8908,9096
14355,15106,530,15636
14356,922,8393,9315
14357,7209,8136,15345
14358,32303,6356,38659
14359,15574,45557,61131
14360,4897,16470,21367
14361,2628,1640,4268
14362,539,12483,13022
14363,20670,1940,22610
14364,0,1,1
14442,470,767,1237
14490,46,2092,2138
14491,35882,5482,41364
14492,3219,153,3372
14493,25771,456,26227
14494,1329,1899,3228
14495,19719,4694,24413
14496,1389,460,1849
14497,47874,25077,72951
14498,10662,6506,17168
14499,29365,11107,40472
14500,5904,8198,14102
14501,17,1922,1939
14502,2135,7687,9822
14503,1354,4,1358
14505,827,9,836
14506,745,8,753
14507,965,1179,2144
14508,13221,50,13271
14509,901,154,1055
14510,508,2,510
14511,16120,3216,19336
14512,53,687,740
14513,5156,2663,7819
14514,2354,589,2943
14515,2227,26,2253
14517,494,8,502
14518,393,6,399
14519,775,700,1475
14520,3750,173,3923
14521,793,455,1248
14522,665,1,666
14524,245,1241,1486
14525,430,4845,5275
14527,1480,3798,5278
14528,3560,22,3582
14530,214,12,226
14531,490,5,495
14532,1326,746,2072
14534,11413,2630,14043
14536,705,5,710
14537,1204,6138,7342
14538,448,1526,1974
14539,1646,7417,9063
14540,2162,584,2746
14541,1155,1398,2553
14542,2261,130,2391
14544,133,180,313
14545,126,54,180
14546,1292,656,1948
14547,2206,1139,3345
14548,8741,2365,11106
14549,8719,227,8946
14550,2829,3387,6216
14551,1477,24,1501
14552,3153,8826,11979
14553,1137,1660,2797
14554,8459,3982,12441
14555,2288,7973,10261
14556,73,15014,15087
14557,3406,5335,8741
14558,378,273,651
14559,2068,2273,4341
14560,3377,4008,7385
14561,3235,1787,5022
14562,9036,696,9732
14563,7946,8093,16039
14564,367,23,390
14565,1327,5792,7119
14566,850,1758,2608
14567,249,903,1152
14569,1136,1761,2897
14570,3607,3639,7246
14571,1998,2684,4682
14572,10119,1890,12009
14573,9163,2074,11237
14574,1304,122,1426
14575,2411,5651,8062
14576,1516,1920,3436
14577,307,1980,2287
14579,13197,355,13552
14582,1461,1039,2500
14583,5693,4694,10387
14584,2543,5188,7731
14585,5736,8449,14185
14586,884,628,1512
14587,2194,4937,7131
14588,1302,822,2124
14589,322,1181,1503
14590,8393,319,8712
14591,2742,6810,9552
14592,772,1767,2539
14593,7372,5507,12879
14594,2819,7787,10606
14595,14639,23732,38371
14596,3010,239,3249
14597,782,2448,3230
14598,415,547,962
14599,848,3491,4339
14600,9,590,599
14601,116,11143,11259
14602,28,1749,1777
14603,20,1815,1835
14604,43,1666,1709
14605,52,2888,2940
14606,13,1017,1030
14607,1543,4,1547
14608,2569,12695,15264
14610,11,1528,1539
14611,244,322,566
14612,1863,44,1907
14613,1313,10,1323
14616,1252,30,1282
14617,6373,3457,9830
14618,16625,2060,18685
14619,1906,2374,4280
14620,18,3490,3508
14622,1540,1219,2759
14623,577,18,595
14624,2204,28,2232
14625,1445,43,1488
14626,620,11,631
14627,881,50,931
14628,6065,133,6198
14659,6172,447,6619
14661,5879,2496,8375
14662,630,2269,2899
14663,1554,2897,4451
14667,3926,7150,11076
14669,2912,1522,4434
14670,3002,173,3175
14671,596,3796,4392
14672,742,349,1091
14674,957,2189,3146
14675,1980,15157,17137
14676,1034,1580,2614
14677,5050,705,5755
14678,6380,3966,10346
14693,188,211,399
14694,513,1206,1719
14700,230,1971,2201
14712,2128,18845,20973
14713,5234,5433,10667
14714,2079,1677,3756
14715,2544,1203,3747
14716,352,2457,2809
14718,383,1584,1967
14727,7909,2296,10205
14738,16,607,623
14742,224,117,341
14743,15,72,87
14744,287,947,1234
14745,2935,3609,6544
14746,3572,3868,7440
14747,1901,3088,4989
14748,1824,846,2670
14749,4953,6892,11845
14750,2589,4032,6621
14753,4986,10535,15521
14754,1169,7844,9013
14755,20,862,882
14756,23,262,285
14757,2929,3092,6021
14758,3689,2216,5905
14760,4461,3515,7976
14761,2597,7294,9891
14763,307,357,664
14764,2559,1316,3875
14765,2373,893,3266
14799,15069,6020,21089
14804,4,159,163
14805,110,5,115
14808,8,963,971
14809,14,1021,1035
14810,1502,2303,3805
14812,1395,436,1831
14814,2904,5341,8245
14832,4024,6682,10706
14833,381,619,1000
14834,1163,1027,2190
14835,5758,33192,38950
14836,5596,2580,8176
14837,26,1136,1162
14838,12531,1803,14334
14839,1530,648,2178
14842,1972,7892,9864
14843,2976,1323,4299
14844,356,2089,2445
14845,453,1283,1736
14846,46,2256,2302
14848,2403,895,3298
14849,5001,2526,7527
14851,663,901,1564
14852,271,848,1119
14853,71,2124,2195
14855,5046,6505,11551
14856,1243,837,2080
14858,3799,3555,7354
14862,3775,4078,7853
14863,27640,18376,46016
14864,7360,5099,12459
14865,1226,1031,2257
14866,5267,1554,6821
14867,46314,31592,77906
14868,4050,2156,6206
14869,1231,1956,3187
14870,168,443,611
14871,4027,5470,9497
14872,1122,540,1662
14873,3784,2515,6299
14874,1803,723,2526
14876,1737,4775,6512
14877,1280,1476,2756
14878,2735,877,3612
14879,10978,7246,18224
14880,802,1259,2061
14881,4525,2647,7172
14882,893,883,1776
14883,506,1178,1684
14884,5220,7796,13016
14886,2566,1962,4528
14887,3490,5292,8782
14888,3563,5794,9357
14889,3379,6325,9704
14890,4330,6514,10844
14892,447,2465,2912
14893,5095,2576,7671
14894,155,49,204
14895,31601,3123,34724
14896,8124,8650,16774
14897,1071,3223,4294
14898,572,12030,12602
14899,6847,12067,18914
14900,2858,3443,6301
14901,4302,666,4968
14902,1358,828,2186
14905,9672,5287,14959
14906,2056,1721,3777
14907,3667,489,4156
14908,1333,1201,2534
14910,3365,4343,7708
14913,2004,805,2809
14914,98,2475,2573
14915,669,8443,9112
14916,5529,6645,12174
14917,3385,1679,5064
14918,608,296,904
14919,467,9860,10327
14920,3766,6727,10493
14921,4861,2449,7310
14922,3335,1567,4902
14923,430,9869,10299
14924,2093,1646,3739
14925,7844,1417,9261
14926,334,6837,7171
14927,7934,11018,18952
14928,949,976,1925
14929,10957,390,11347
14930,306,11722,12028
14932,2079,1047,3126
14933,384,355,739
14934,2122,1314,3436
14935,1138,1992,3130
14936,653,1681,2334
14937,1543,2167,3710
14940,1419,4750,6169
14941,3202,1197,4399
14942,1468,2519,3987
14943,18345,17239,35584
14944,196,2837,3033
14946,24154,11905,36059
14947,3779,3706,7485
14948,114,3491,3605
14950,25,2994,3019
14951,377,3403,3780
14952,2392,7166,9558
14953,304,4809,5113
14954,15,2742,2757
14955,379,1382,1761
14956,1599,8107,9706
14957,605,3710,4315
14958,96,1772,1868
14959,468,6119,6587
14960,114,2562,2676
14961,299,1693,1992
14962,242,20986,21228
14963,134,6212,6346
14964,104,2259,2363
14965,14,1003,1017
14966,9,602,611
14968,3,945,948
14969,31,833,864
14971,6430,7090,13520
14972,3862,6263,10125
14976,2034,647,2681
14977,8787,2585,11372
14978,3160,7024,10184
14979,13737,6607,20344
14981,3677,6350,10027
14982,8988,5832,14820
14983,5693,6050,11743
14984,5606,2893,8499
14985,6310,13211,19521
14986,1,0,1
14987,1099,1061,2160
14988,2792,3869,6661
14989,45022,30685,75707
14990,14010,3301,17311
14991,5477,15389,20866
14992,19771,7951,27722
14993,1026,1158,2184
14994,3303,1800,5103
14995,0,1,1
14996,2538,56,2594
14997,42,2588,2630
15101,16114,45671,61785
15102,5339,6817,12156
15103,6031,18631,24662
15104,9250,7225,16475
15105,5998,4648,10646
15106,44673,38378,83051
15107,13626,21573,35199
15108,31005,31633,62638
15109,16185,4409,20594
15111,49309,49018,98327
15112,51857,37728,89585
15113,32642,31392,64034
15114,12639,8412,21051
15115,32210,7251,39461
15116,4453,5389,9842
15117,1833,9748,11581
15118,4972,1107,6079
15119,8830,7511,16341
15126,40562,27263,67825
15127,55343,40178,95521
15128,37727,50772,88499
15140,4553,2792,7345
15141,3319,3853,7172
15142,2238,4842,7080
15143,614,1201,1815
15144,2975,3702,6677
15145,5050,4674,9724
15146,6477,3398,9875
15147,601,1085,1686
15148,47993,83641,131634
15149,281,1614,1895
15150,2887,2896,5783
15151,29636,25252,54888
15152,30105,30639,60744
15153,59943,35022,94965
15154,65536,36237,101773
15155,1796,10112,11908
15156,2999,17745,20744
15157,6223,23896,30119
15158,5373,658,6031
15159,12848,12699,25547
15160,108550,36229,144779
15161,4898,15452,20350
15162,2728,8581,11309
15163,9110,15935,25045
15164,52502,42617,95119
15165,27365,22267,49632
15166,43916,28172,72088
15167,80395,60153,140548
15168,29325,37521,66846
15169,9922,12401,22323
15170,508,13301,13809
15171,8066,11611,19677
15172,13367,7619,20986
15173,40598,29852,70450
15174,10000,7526,17526
15175,8992,5905,14897
15176,475,1278,1753
15177,906,394,1300
15178,1183,2302,3485
15179,426,1968,2394
15180,210,793,1003
15181,6531,12883,19414
15182,4771,1020,5791
15183,1741,1534,3275
15184,1142,1501,2643
15185,1344,8019,9363
15186,982,3086,4068
15187,3483,1454,4937
15188,1764,9455,11219
15189,4062,8521,12583
15190,1961,2207,4168
15191,739,882,1621
15192,16751,4968,21719
15193,14590,15199,29789
15194,22770,14149,36919
15195,15924,8076,24000
15196,20259,12990,33249
15197,7956,9164,17120
15198,4533,3205,7738
15199,2756,7705,10461
15200,2544,11432,13976
15201,10480,2200,12680
15202,10429,11068,21497
15203,25152,10521,35673
15204,8085,14015,22100
15205,11016,5441,16457
15206,3015,6932,9947
15207,1113,3609,4722
15208,2909,1347,4256
15209,12330,18628,30958
15210,5838,1796,7634
15211,49485,20844,70329
15212,11043,36007,47050
15213,9814,24640,34454
15214,27725,16635,44360
15215,8283,43166,51449
15216,33380,8259,41639
15217,18127,29360,47487
15218,44202,14862,59064
15219,15746,41929,57675
15220,56448,8323,64771
15221,52486,7297,59783
15222,37972,6806,44778
15223,10961,15700,26661
15224,9927,11931,21858
15225,8928,6930,15858
15226,33445,6859,40304
15227,18443,5765,24208
15228,17761,29848,47609
15229,39125,4862,43987
15230,4419,3448,7867
15231,16169,7307,23476
15232,5977,14804,20781
15233,9862,9886,19748
15234,5308,1791,7099
15235,12277,11752,24029
15236,16159,22464,38623
15237,1374,2154,3528
15238,1353,1588,2941
15239,398,2836,3234
15241,669,2357,3026
15242,7421,5741,13162
15247,12109,9962,22071
15248,950,2133,3083
15249,1919,3896,5815
15250,22971,30710,53681
15251,29070,30031,59101
15252,5790,5264,11054
15253,23375,18936,42311
15254,26065,40087,66152
15255,2985,628,3613
15256,19771,40977,60748
15257,15643,15241,30884
15258,23845,45218,69063
15259,15911,11541,27452
15260,6807,22299,29106
15261,30453,10829,41282
15262,5410,7884,13294
15263,2197,6893,9090
15264,25293,36686,61979
15265,21354,34928,56282
15266,335,1580,1915
15268,8847,5256,14103
15269,12593,6618,19211
15270,66452,25925,92377
15271,12369,9572,21941
15272,24296,18830,43126
15273,22012,16877,38889
15274,22843,103594,126437
15277,4112,7250,11362
15279,7946,7148,15094
15280,29053,13821,42874
15281,1367,1137,2504
15282,21105,16824,37929
15283,5778,10695,16473
15284,24752,70689,95441
15285,54553,40603,95156
15286,17350,16941,34291
15287,87367,22053,109420
15288,18671,14726,33397
15292,20203,1894,22097
15293,47593,5249,52842
15294,1012,2593,3605
15295,3323,23026,26349
15296,10337,40581,50918
15298,25987,18822,44809
15299,3382,1141,4523
15300,33,4844,4877
15301,22190,1221,23411
15302,15818,7319,23137
15303,33902,23267,57169
15304,12323,32275,44598
15305,3186,17508,20694
15306,19578,14699,34277
15307,14065,17205,31270
15308,3068,8220,11288
15309,4895,33616,38511
15310,10412,22858,33270
15311,9624,32242,41866
15312,7765,42626,50391
15313,10051,45624,55675
15314,4513,22839,27352
15315,24285,25822,50107
15316,16968,17209,34177
15317,31533,11186,42719
15318,1648,2232,3880
15319,2050,1256,3306
15320,28799,6440,35239
15321,5400,5326,10726
15322,4220,5150,9370
15323,25072,5051,30123
15324,809,21781,22590
15325,17025,2891,19916
15326,3432,19469,22901
15327,9869,2439,12308
15328,1895,11029,12924
15329,4824,8057,12881
15330,2925,4360,7285
15331,20879,10927,31806
15332,16203,14157,30360
15333,22554,22280,44834
15334,28589,22093,50682
15335,16079,22322,38401
15336,14812,2686,17498
15337,36364,2196,38560
15338,23653,16807,40460
15339,21741,28416,50157
15340,15,8007,8022
15341,2046,14863,16909
15342,3903,5423,9326
15343,3412,20712,24124
15344,13186,20495,33681
15345,5229,19331,24560
15346,16970,17185,34155
15347,33855,16515,50370
15348,14096,5876,19972
15349,7495,14706,22201
15350,2861,1554,4415
15351,14307,11621,25928
15352,24850,9277,34127
15353,10334,9966,20300
15354,10232,9209,19441
15355,5267,4708,9975
15356,1370,1194,2564
15357,1144,2310,3454
15358,2393,2360,4753
15359,580,1003,1583
15360,10026,3702,13728
15361,24575,25202,49777
15362,12106,28775,40881
15363,5665,6293,11958
15364,2500,6053,8553
15365,4,793,797
15366,1237,529,1766
15367,3249,2529,5778
15368,393,40,433
15369,16705,6791,23496
15370,729,2615,3344
15371,1,16,17
15372,593,1733,2326
15373,72,37644,37716
15374,77,21081,21158
15377,2596,72,2668
15378,7440,1717,9157
15399,22867,6844,29711
15401,2148,6987,9135
15402,453,3747,4200
15405,2042,5441,7483
15408,28189,3528,31717
15412,3859,8530,12389
15413,3445,5223,8668
15414,11914,5526,17440
15415,6054,7871,13925
15416,3536,10312,13848
15419,7483,8208,15691
15421,15371,8013,23384
15423,7334,3871,11205
15450,0,43,43
15451,0,164,164
15452,2,51,53
15453,4,155,159
15500,2314,207,2521
15501,53494,34288,87782
15503,38716,4744,43460
15504,857,1075,1932
15505,8224,10820,19044
15506,2561,5049,7610
15507,10101,25422,35523
15508,7766,2092,9858
15509,10412,18015,28427
15510,5182,382,5564
15511,5712,578,6290
15512,4792,4513,9305
15513,2083,612,2695
15516,1579,1159,2738
15518,8696,3899,12595
15522,289,9357,9646
15524,2650,1320,3970
15526,11612,373,11985
15536,3894,1694,5588
15539,3140,1380,4520
15540,29691,13296,42987
15542,4980,2586,7566
15545,2592,1116,3708
15547,1237,903,2140
15553,834,3038,3872
15554,1796,3658,5454
15556,4685,14775,19460
15561,1350,2785,4135
15564,11259,9135,20394
15565,1307,2048,3355
15566,16019,8201,24220
15567,2456,1530,3986
15568,17775,10292,28067
15570,25525,8745,34270
15571,1877,3182,5059
15572,5796,12831,18627
15574,2780,47146,49926
15576,932,6054,6986
15577,10213,9262,19475
15579,1558,366,1924
15582,1088,3409,4497
15584,1238,3616,4854
15585,999,3554,4553
15586,895,6649,7544
15587,556,5492,6048
15588,1653,4155,5808
15589,1552,3987,5539
15591,290,1199,1489
15593,8675,8635,17310
15594,12254,14231,26485
15596,2124,30,2154
15599,2815,80,2895
15600,2958,128,3086
15614,68,3639,3707
15635,57,3972,4029
15637,11,2482,2493
15638,6,1184,1190
15639,14,2130,2144
15718,31936,1233,33169
15992,2360,147,2507
15995,181,2361,2542
16001,124967,80348,205315
16002,66276,88352,154628
16003,77937,63261,141198
16004,71503,104293,175796
16005,30127,44603,74730
16006,18103,31303,49406
16007,42123,62823,104946
16008,69599,49075,118674
16009,21346,31133,52479
16010,29870,18214,48084
16011,10528,31002,41530
16012,26140,13919,40059
16013,12360,45953,58313
16014,44741,12008,56749
16015,5678,29460,35138
16016,9724,1804,11528
16017,61517,25393,86910
16018,9155,23520,32675
16019,25604,9364,34968
16020,3275,14822,18097
16021,9719,31272,40991
16022,25722,19270,44992
16023,16688,4239,20927
16024,2857,12183,15040
16100,2394,2115,4509
16102,1177,564,1741
16103,3421,4010,7431
16104,10007,12897,22904
16105,5385,6430,11815
16106,5897,3643,9540
16107,430,671,1101
16108,1612,2988,4600
16109,1092,3306,4398
16111,1632,7050,8682
16112,1128,4445,5573
16115,960,7517,8477
16116,3072,9545,12617
16117,4178,8124,12302
16118,6236,5165,11401
16119,7200,7422,14622
16120,13731,7142,20873
16121,12967,8704,21671
16122,2301,5520,7821
16123,5338,3928,9266
16124,2511,10542,13053
16125,10029,1395,11424
16126,7999,14362,22361
16127,16487,2847,19334
16128,189,5461,5650
16129,4576,675,5251
16130,1602,16738,18340
16131,15243,1256,16499
16132,19,7455,7474
16133,10256,486,10742
16134,1189,3871,5060
16135,61528,65652,127180
16136,103368,60106,163474
16137,23832,58100,81932
16138,14252,10733,24985
16139,66552,44093,110645
16140,59860,72064,131924
16141,49536,41135,90671
16142,51682,50998,102680
16143,47150,33012,80162
16144,37248,47731,84979
16145,28217,60811,89028
16146,56803,33436,90239
16147,36606,61875,98481
16148,49290,32752,82042
16149,31221,36218,67439
16150,11140,19090,30230
16151,2307,12121,14428
16152,3248,6227,9475
16153,9067,17132,26199
16154,4061,5209,9270
16155,2681,3503,6184
16156,39,2,41
16157,393,3,396
16158,3222,2883,6105
16159,4166,6344,10510
16160,6147,6084,12231
16161,4319,2112,6431
16162,1155,8100,9255
16163,1,116,117
16164,5040,726,5766
16166,1248,5138,6386
16167,619,11037,11656
16168,1521,280,1801
16169,190,1189,1379
16170,20549,989,21538
16172,1236,903,2139
16173,57103,49349,106452
16174,35098,47177,82275
16175,26147,28781,54928
16176,26850,33789,60639
16177,47645,43408,91053
16178,7624,14358,21982
16179,71587,63589,135176
16180,36553,40386,76939
16181,42365,21828,64193
16182,15040,16159,31199
16183,21567,15704,37271
16184,8932,25840,34772
16185,29083,11548,40631
16186,28698,23815,52513
16187,11950,15598,27548
16188,6246,16752,22998
16189,11068,10778,21846
16190,10611,49,10660
16191,115457,108079,223536
16192,93531,96917,190448
16193,15611,28473,44084
16194,21543,10651,32194
16195,22959,11561,34520
16196,43094,47321,90415
16197,21174,7998,29172
16198,8450,23375,31825
16199,8842,3813,12655
16200,5763,12222,17985
16201,4267,23457,27724
16202,1390,3351,4741
16203,11777,6510,18287
16204,3541,7989,11530
16205,54930,43515,98445
16206,74870,68329,143199
16207,19106,24216,43322
16208,9987,23481,33468
16209,12161,11674,23835
16210,11709,13615,25324
16211,22893,12927,35820
16212,14343,21012,35355
16213,51303,28858,80161
16214,47950,38893,86843
16215,32009,31470,63479
16216,32218,31570,63788
16217,12160,20392,32552
16218,23902,15229,39131
16219,38673,20929,59602
16220,24008,29983,53991
16221,17378,17767,35145
16222,6900,16091,22991
16223,2307,8649,10956
16224,5396,2280,7676
16225,12183,14386,26569
16226,5614,7386,13000
16227,6008,14267,20275
16228,13231,4897,18128
16229,5724,10036,15760
16230,14670,6249,20919
16231,7161,6589,13750
16232,6456,4540,10996
16233,4665,4593,9258
16234,2345,3252,5597
16235,5447,4888,10335
16236,3869,3618,7487
16237,5359,4375,9734
16238,3784,3517,7301
16239,3793,3437,7230
16240,11925,11510,23435
16241,8067,1588,9655
16242,4638,5545,10183
16243,9599,7145,16744
16244,8582,9717,18299
16245,5165,20237,25402
16246,11857,4061,15918
16247,11280,21124,32404
16248,18408,8894,27302
16249,14904,26714,41618
16250,23351,10869,34220
16251,13986,5659,19645
16252,10876,17821,28697
16253,13934,9547,23481
16254,9395,14141,23536
16255,3294,5079,8373
16256,10401,5671,16072
16257,7173,4196,11369
16258,2780,8726,11506
16259,12790,13910,26700
16260,11341,12560,23901
16261,8659,10788,19447
16262,5799,7777,13576
16263,1438,1280,2718
16264,2637,2418,5055
16265,11757,6826,18583
16266,9072,8191,17263
16267,2588,2840,5428
16268,5878,5628,11506
16269,17596,8566,26162
16270,4229,8491,12720
16271,2213,6458,8671
16272,4190,3399,7589
16273,2113,2579,4692
16274,2916,2603,5519
16275,375,4323,4698
16276,1008,1388,2396
16277,1398,8125,9523
16278,10429,2295,12724
16279,14531,5981,20512
16280,5153,11682,16835
16283,9783,3454,13237
16284,3017,11253,14270
16285,7915,6433,14348
16286,3444,7122,10566
16287,11821,6661,18482
16288,3276,7159,10435
16291,2590,2611,5201
16292,4392,5560,9952
16293,3695,2170,5865
16294,4624,4935,9559
16295,6563,3365,9928
16296,7140,3779,10919
16297,6783,2346,9129
16298,3524,5752,9276
16301,1961,1315,3276
16302,1626,2401,4027
16303,5500,602,6102
16304,2829,4818,7647
16305,8614,11504,20118
16306,10747,5521,16268
16307,2610,3714,6324
16308,8544,5420,13964
16309,24665,5268,29933
16321,4850,861,5711
16322,1014,988,2002
16326,3435,2037,5472
16327,1978,4314,6292
16328,7050,32781,39831
16329,35465,6455,41920
16330,2560,3117,5677
16332,598,3680,4278
16339,1478,3938,5416
16340,3044,4304,7348
16341,2286,4041,6327
16342,147,2339,2486
16344,1057,445,1502
16345,778,466,1244
16346,683,314,997
16347,702,391,1093
16348,4999,647,5646
16350,4506,2317,6823
16351,1678,4234,5912
16352,473,7358,7831
16361,7274,2966,10240
16364,5150,2359,7509
16366,388,571,959
16367,378,795,1173
16368,155,1094,1249
16369,291,1170,1461
16373,1704,1042,2746
16374,592,1707,2299
16375,2019,964,2983
16376,168,251,419
16378,933,3079,4012
16379,7214,418,7632
16385,1703,17410,19113
16386,31451,6348,37799
16387,5547,6282,11829
16388,7550,5639,13189
16389,31160,3975,35135
16390,7361,10234,17595
16391,11886,10905,22791
16393,3948,2230,6178
16394,8054,2713,10767
16395,8057,2061,10118
16396,10249,5186,15435
16397,2318,10400,12718
16398,1616,3989,5605
16399,11979,26169,38148
16400,7790,8996,16786
16401,24,407,431
16402,2188,37,2225
16403,507,136,643
16408,12432,120,12552
16410,2710,2892,5602
16411,1070,6008,7078
16413,2939,3006,5945
16416,10266,3069,13335
16417,15844,1784,17628
16418,14990,1738,16728
16419,1752,15299,17051
16420,3207,8709,11916
16421,2119,5155,7274
16422,665,218,883
16424,21904,15992,37896
16425,19358,21254,40612
16427,3169,10751,13920
16428,7661,3609,11270
16429,24263,15847,40110
16430,1495,1540,3035
16431,3126,8615,11741
16432,15209,5628,20837
16433,775,4732,5507
16434,280,5839,6119
16435,6990,244,7234
16436,657,3159,3816
16450,3833,3861,7694
16451,22573,43830,66403
16453,4077,1289,5366
16462,2646,1381,4027
16463,1484,40,1524
16464,1465,48,1513
16465,1317,136,1453
16466,959,454,1413
16467,821,827,1648
16468,1343,1294,2637
16469,586,488,1074
16470,661,326,987
16471,387,745,1132
16472,145,809,954
16473,833,1256,2089
16474,144,538,682
16475,84,514,598
16476,237,500,737
16477,315,484,799
16478,1222,497,1719
16479,18729,20433,39162
16480,67,4456,4523
16481,639,365,1004
16482,1734,192,1926
16483,2554,177,2731
16484,35,544,579
16485,58,665,723
16486,92,1059,1151
16487,349,1843,2192
16488,1499,68,1567
16489,6701,2964,9665
16490,137,2357,2494
16491,129,3331,3460
16492,25,3269,3294
16494,1844,3107,4951
16495,3215,1804,5019
16496,1945,2636,4581
16497,675,398,1073
16498,411,143,554
16499,16659,123,16782
16500,20533,91,20624
16501,2549,917,3466
16502,16473,4151,20624
16503,1179,4,1183
16504,134,112,246
16505,3010,206,3216
16506,1947,883,2830
16507,346,112,458
16508,1671,285,1956
16509,854,1401,2255
16510,2886,1417,4303
16511,1748,1891,3639
16512,15,1088,1103
16513,4674,1541,6215
16514,1657,2107,3764
16515,3183,1332,4515
16516,8278,4482,12760
16517,74,158,232
16518,4750,1872,6622
16519,906,3197,4103
16520,1401,153,1554
16521,3228,2516,5744
16523,2501,1231,3732
16524,1828,4043,5871
16525,2744,162,2906
16526,5903,2925,8828
16527,19,578,597
16528,187,661,848
16529,1759,1877,3636
16530,5752,3065,8817
16532,123,6,129
16533,1926,2444,4370
16534,121,236,357
16535,3425,5340,8765
16536,1278,1273,2551
16537,495,146,641
16538,5253,8327,13580
16539,118,117,235
16540,229,76,305
16541,2207,2795,5002
16542,604,190,794
16543,785,4392,5177
16544,2884,18678,21562
16545,293,77,370
16546,13,275,288
16547,700,633,1333
16548,438,5274,5712
16549,3,458,461
16550,4,817,821
16551,5448,9577,15025
16552,1268,2206,3474
16553,442,544,986
16554,465,5844,6309
16555,6289,663,6952
16556,13,3789,3802
16557,10922,3718,14640
16558,465,2191,2656
16559,5,1269,1274
16560,260,7773,8033
16561,743,2036,2779
16562,51,5936,5987
16563,3058,3142,6200
16564,854,1833,2687
16565,43266,17496,60762
16566,204,10328,10532
16567,2736,1642,4378
16568,8003,53,8056
16569,2067,2252,4319
16570,1905,2790,4695
16571,595,106,701
16572,729,3099,3828
16573,3061,29,3090
16574,1404,2658,4062
16576,330,664,994
16577,649,116,765
16578,3161,3783,6944
16579,225,1660,1885
16580,3725,735,4460
16581,4316,3161,7477
16583,243,3376,3619
16586,2479,3206,5685
16588,160,5177,5337
16589,131,375,506
16591,3788,4530,8318
16592,127,62,189
16593,68,4233,4301
16594,127,476,603
16595,322,111,433
16597,716,2427,3143
16598,106,573,679
16599,5632,277,5909
16601,233,166,399
16603,32,157,189
16604,30,85,115
16606,13129,2625,15754
16608,817,1171,1988
16609,1345,6719,8064
16613,1337,1846,3183
16615,215,223,438
16616,130,520,650
16617,515,515,1030
16619,241,825,1066
16621,734,1696,2430
16622,145,263,408
16623,5,12,17
16624,98,56,154
16625,378,63,441
16626,15,386,401
16627,185,25,210
16628,64,26,90
16629,145,36,181
16630,145,78,223
16631,47,131,178
16632,57,151,208
16633,58,123,181
16634,66,364,430
16635,6251,7733,13984
16636,7551,4634,12185
16637,6661,10609,17270
16638,4451,6554,11005
16640,314,291,605
16641,487,167,654
16677,3779,277,4056
16700,221,554,775
16702,3015,6863,9878
16703,2559,8174,10733
16704,5412,5134,10546
16705,1117,3975,5092
16706,2973,8620,11593
16707,38246,27122,65368
16718,18311,6425,24736
16721,2286,1580,3866
16722,1374,1658,3032
16727,5985,487,6472
16729,1972,3867,5839
16732,410,731,1141
16734,5574,3010,8584
16745,1985,2932,4917
16778,3823,258,4081
16812,1027,2909,3936
16814,177,5066,5243
16818,128,748,876
16820,763,3515,4278
16836,53,4867,4920
16849,7543,1844,9387
16851,626,17796,18422
16855,11125,7261,18386
16858,960,3108,4068
16859,1221,1032,2253
16861,451,4336,4787
16862,1759,1185,2944
16863,79,3493,3572
16864,1499,306,1805
16867,1061,10603,11664
16868,504,2102,2606
16869,120,1949,2069
16870,819,514,1333
16873,608,10044,10652
16875,31,1332,1363
16876,81,299,380
16878,10002,5457,15459
16879,535,5243,5778
16882,1760,740,2500
16885,827,5120,5947
16887,1550,2065,3615
16888,1646,380,2026
16890,2500,5824,8324
16892,1386,2018,3404
16894,4372,2361,6733
16896,1801,1871,3672
16897,2642,3641,6283
16898,147,6803,6950
16899,2338,2036,4374
16900,2985,4561,7546
16903,1946,2625,4571
16905,149,1414,1563
16907,4049,7941,11990
16908,485,1012,1497
16909,465,1908,2373
16910,266,511,777
16911,478,5189,5667
16912,107,727,834
16914,3824,417,4241
16915,795,1088,1883
16917,360,75,435
16918,1020,1133,2153
16920,989,256,1245
16921,7905,5491,13396
16922,6437,7590,14027
16923,4546,225,4771
16925,8718,157,8875
16927,6233,405,6638
16928,322,3308,3630
16929,10607,765,11372
16931,7669,593,8262
16932,106,2062,2168
16933,10631,748,11379
16935,9365,935,10300
16937,5257,884,6141
16939,3295,2262,5557
16940,1364,1272,2636
16941,4057,9689,13746
16943,6995,28920,35915
16946,4931,4510,9441
16948,3795,2924,6719
16950,2884,3339,6223
16952,3137,1989,5126
16954,1328,2889,4217
16955,80,140,220
16956,2998,3412,6410
16957,311,84,395
16958,3386,6723,10109
16960,9826,11134,20960
16961,5,953,958
16962,7,158,165
16963,6702,4365,11067
16964,1562,2692,4254
16965,1452,3735,5187
16966,1052,4861,5913
16967,296,1706,2002
16968,5,2992,2997
16969,3380,13030,16410
16970,1610,760,2370
16971,1681,414,2095
16975,3624,2927,6551
16976,619,195,814
16977,714,2034,2748
16978,3029,1634,4663
16979,3409,3154,6563
16986,2755,3248,6003
16994,370,1960,2330
17001,226407,73429,299836
17002,86104,208210,294314
17003,27391,32627,60018
17004,52201,74694,126895
17005,39437,60272,99709
17006,42552,47308,89860
17007,65102,85050,150152
17008,95590,52321,147911
17009,35599,49833,85432
17010,51110,34172,85282
17011,17008,32189,49197
17012,28309,21217,49526
17013,243995,76161,320156
17101,5794,23975,29769
17102,84632,60417,145049
17103,657,13018,13675
17104,12121,5509,17630
17105,17293,5632,22925
17106,9335,16619,25954
17107,11022,5447,16469
17108,8672,11213,19885
17109,17070,14438,31508
17110,12000,16613,28613
17111,12283,11494,23777
17112,27560,46620,74180
17113,14526,14363,28889
17114,8806,20130,28936
17115,12227,10964,23191
17116,12761,10562,23323
17117,2178,4374,6552
17118,7836,3370,11206
17119,8882,10158,19040
17120,15548,20602,36150
17121,10060,11197,21257
17122,19341,18966,38307
17123,8267,8855,17122
17124,7604,9986,17590
17125,9298,8230,17528
17126,21085,9949,31034
17127,2578,8704,11282
17128,10883,4912,15795
17129,1392,8749,10141
17130,605,3783,4388
17131,34255,25114,59369
17132,20111,27985,48096
17133,36001,43741,79742
17134,44530,30051,74581
17135,25398,43924,69322
17136,26303,24474,50777
17137,78101,44043,122144
17138,78246,70996,149242
17139,37724,17664,55388
17140,16059,40718,56777
17141,13893,19983,33876
17142,22212,23588,45800
17143,51460,30571,82031
17144,54928,44811,99739
17145,52087,83047,135134
17146,45218,17111,62329
17147,11816,23411,35227
17148,14022,5804,19826
17149,12123,26529,38652
17150,849,1247,2096
17151,4308,2502,6810
17152,8024,11045,19069
17153,6306,10273,16579
17154,3451,5397,8848
17155,4677,6549,11226
17156,63,1722,1785
17157,1673,2079,3752
17158,2705,1464,4169
17159,7,3976,3983
17160,2498,2828,5326
17161,2486,963,3449
17162,1554,2109,3663
17164,9493,23166,32659
17166,30765,16828,47593
17168,309,1513,1822
17169,30904,7925,38829
17170,34528,61190,95718
17171,35201,31061,66262
17172,35209,22116,57325
17173,34920,29171,64091
17174,17070,18959,36029
17175,3138,1803,4941
17176,3211,3101,6312
17177,6501,9147,15648
17178,1122,3397,4519
17179,15969,11393,27362
17180,11252,11387,22639
17181,12377,10893,23270
17182,17639,34355,51994
17183,17132,11446,28578
17184,2769,127724,130493
17185,132605,5170,137775
17186,3995,317,4312
17187,14635,17752,32387
17188,5217,21891,27108
17189,9858,5227,15085
17190,3917,28324,32241
17191,22480,3207,25687
17192,10995,35040,46035
17193,50130,8045,58175
17194,6952,6815,13767
17195,5615,5542,11157
17196,4521,1964,6485
17197,1446,8215,9661
17201,2998,794,3792
17202,6605,4395,11000
17203,2624,2059,4683
17204,620,2862,3482
17205,5335,2990,8325
17206,4603,7184,11787
17207,24918,29012,53930
17208,22487,20452,42939
17209,53418,30116,83534
17210,43460,60833,104293
17211,16840,8718,25558
17212,19553,32195,51748
17213,20612,8625,29237
17214,7056,15433,22489
17215,45094,10762,55856
17216,5780,22552,28332
17217,17952,21438,39390
17218,33171,16857,50028
17219,20062,3737,23799
17220,11728,6224,17952
17221,1865,2678,4543
17222,1704,1650,3354
17223,22042,16508,38550
17225,27669,38591,66260
17226,40489,24550,65039
17227,21100,38846,59946
17228,23283,16947,40230
17229,21746,9992,31738
17230,34430,58439,92869
17231,4207,5345,9552
17232,5053,11203,16256
17233,67002,57482,124484
17234,37973,37131,75104
17235,24556,40067,64623
17236,40087,22107,62194
17237,7087,4909,11996
17238,6539,4441,10980
17239,10186,9572,19758
17240,12319,12787,25106
17242,12139,14881,27020
17243,2267,14839,17106
17244,1471,981,2452
17245,3283,14523,17806
17246,20325,37085,57410
17247,4878,8453,13331
17248,15421,19610,35031
17249,9579,24315,33894
17251,2114,328,2442
17252,9041,5763,14804
17253,588,241,829
17254,540,1393,1933
17255,125,1530,1655
17256,1370,2933,4303
17257,707,180,887
17258,224,494,718
17259,2460,2151,4611
17260,664,168,832
17261,692,715,1407
17262,2432,83,2515
17289,1031,5690,6721
17290,27171,11791,38962
17291,460,122,582
17292,358,400,758
17293,46439,20965,67404
17296,12214,12044,24258
17297,11409,10962,22371
17298,490,6485,6975
17299,56,1771,1827
17300,252,1070,1322
17304,9687,10794,20481
17305,5063,4084,9147
17306,3058,7586,10644
17307,11037,4085,15122
17308,483,5099,5582
17309,10463,11951,22414
17310,15440,14882,30322
17311,8530,11513,20043
17312,11810,6846,18656
17314,2514,7569,10083
17315,4633,4494,9127
17359,5505,5099,10604
17360,8230,4056,12286
17361,2361,10017,12378
17362,1606,5684,7290
17363,8539,1360,9899
17364,5010,2140,7150
17365,873,6068,6941
17366,808,1204,2012
17367,399,2666,3065
17368,2257,1037,3294
17369,6664,752,7416
17370,3306,7033,10339
17371,9769,1950,11719
17389,56735,31541,88276
17397,961,3718,4679
17399,9164,4761,13925
17400,4206,3574,7780
17401,7,2066,2073
17404,601,9211,9812
17405,43,4281,4324
17406,4106,302,4408
17407,19,1876,1895
17408,993,49,1042
17409,7006,3401,10407
17410,1978,825,2803
17412,17926,4022,21948
17456,1420,785,2205
17457,1430,1662,3092
17458,2384,1762,4146
17459,1377,11,1388
17460,3,776,779
17461,21,264,285
17462,273,739,1012
17463,133,28,161
17464,2128,1413,3541
17465,7928,2486,10414
17468,1829,554,2383
17469,1245,425,1670
17470,11721,609,12330
17472,23279,20564,43843
17473,28344,17046,45390
17474,62709,52999,115708
17475,3511,2560,6071
17476,1559,4496,6055
17477,32999,267,33266
17478,52851,39666,92517
17479,47083,45479,92562
17481,12116,3816,15932
17483,4906,995,5901
17484,21033,4582,25615
17485,239,44,283
17486,6415,7378,13793
17488,12819,436,13255
17489,3979,8118,12097
17490,8482,7864,16346
17491,1501,10158,11659
17492,85,10,95
17493,4515,3733,8248
17494,4764,1676,6440
17497,1523,676,2199
17499,5704,1014,6718
17501,2897,3406,6303
17502,408,2642,3050
17503,2549,1109,3658
17504,86877,66872,153749
17505,302,2210,2512
17506,543,763,1306
17507,3166,11578,14744
17508,810,912,1722
17509,3910,18474,22384
17511,917,6937,7854
17512,3333,1476,4809
17513,134,3661,3795
17514,201,1033,1234
17515,4619,6150,10769
17516,34,2377,2411
17517,2959,1957,4916
17520,427,2564,2991
17521,317,4889,5206
17524,119,125,244
17526,1983,3964,5947
17527,1719,1498,3217
17529,304,1592,1896
17530,848,10932,11780
17532,734,4231,4965
17533,47,844,891
17534,51,2818,2869
17535,1857,31,1888
17536,2125,4685,6810
17537,4706,4287,8993
17539,29,2481,2510
17540,446,4702,5148
17541,303,3439,3742
17543,500,6228,6728
17544,2,291,293
17547,2783,949,3732
17549,3429,3483,6912
17550,1182,6130,7312
17551,515,4578,5093
17552,5863,5950,11813
17554,228,7464,7692
17555,1129,2259,3388
17558,399,1114,1513
17559,9578,3208,12786
17560,553,180,733
17563,539,48,587
17566,81,1327,1408
17568,2705,3450,6155
17569,210,1010,1220
17570,258,191,449
17572,64,5881,5945
17573,85,143,228
17575,1646,2765,4411
17576,1819,3867,5686
17577,8,3235,3243
17578,5499,4125,9624
17579,99,1472,1571
17580,532,804,1336
17581,1165,8524,9689
17582,16628,13122,29750
17583,10458,569,11027
17584,1357,277,1634
17588,15506,18775,34281
17589,1612,1184,2796
17590,77,4328,4405
17591,1210,1092,2302
17592,33,9307,9340
17593,4674,599,5273
17594,8021,739,8760
17596,2449,3548,5997
17597,41,2129,2170
17598,3379,3381,6760
17600,1598,6713,8311
17601,6389,375,6764
17602,123,202,325
17603,128,328,456
17604,481,310,791
17605,16,1258,1274
17609,180,2133,2313
17610,185,3355,3540
17612,4016,3834,7850
17613,2284,226,2510
17615,204,614,818
17617,3238,1037,4275
17619,59,24749,24808
17620,450,249,699
17621,1,244,245
17622,69,864,933
17623,2021,2703,4724
17624,209,109,318
17625,248,261,509
17626,699,414,1113
17629,2356,5732,8088
17632,2166,1824,3990
17633,406,1457,1863
17634,114,1453,1567
17635,1410,691,2101
17636,1680,1567,3247
17638,1001,1701,2702
17650,1895,944,2839
17651,2798,1655,4453
17655,1721,1398,3119
17675,3977,1209,5186
17677,5192,3455,8647
17678,1379,3181,4560
17682,4115,5256,9371
17684,3687,851,4538
17689,707,729,1436
17690,3074,35,3109
17694,3277,2657,5934
17695,2543,3179,5722
17697,352,1706,2058
17700,1112,3727,4839
17701,691,2702,3393
17704,1844,1428,3272
17706,1469,1068,2537
17707,2871,64,2935
17708,5582,4158,9740
17709,277,1271,1548
17711,342,471,813
17712,14729,1593,16322
17714,2488,816,3304
17715,486,767,1253
17716,838,783,1621
17717,7802,5692,13494
17718,919,1187,2106
17728,647,1790,2437
17729,1876,98,1974
17730,850,732,1582
17733,1365,376,1741
17734,1017,2833,3850
17737,2884,5152,8036
17738,1587,228,1815
17739,389,1347,1736
17740,4474,455,4929
17741,1437,20048,21485
17743,3713,1170,4883
17744,3994,7153,11147
17746,486,20,506
17747,1751,393,2144
17748,1019,679,1698
17749,1150,3053,4203
17750,757,517,1274
17754,747,1853,2600
17755,35,969,1004
17772,2769,914,3683
17773,6587,3574,10161
17792,1190,508,1698
17801,1074,1459,2533
17802,4048,131,4179
17803,1351,3950,5301
17804,737,844,1581
17806,631,2046,2677
17807,458,1766,2224
17808,31,4300,4331
17809,932,10810,11742
17819,2948,2020,4968
17825,1328,666,1994
17827,686,256,942
17830,136,191,327
17831,4862,970,5832
17834,9568,57,9625
17835,949,979,1928
17838,2693,3017,5710
17846,1175,2148,3323
17848,2978,14390,17368
17855,1547,22,1569
17863,14027,8770,22797
17864,4756,728,5484
17886,3185,5048,8233
17887,691,2237,2928
17888,5870,5749,11619
17889,5591,9982,15573
17899,11147,9806,20953
17900,7013,1198,8211
17901,6300,742,7042
17902,796,1497,2293
17903,5385,9294,14679
17904,4855,3173,8028
17906,2666,3360,6026
17907,3079,1561,4640
17908,288,1586,1874
17909,109236,99641,208877
17910,12334,7667,20001
17911,1101,5605,6706
17912,3290,4237,7527
17913,9168,4017,13185
17917,4425,6882,11307
17918,1384,1143,2527
17920,1368,135,1503
17922,446,3901,4347
17923,10931,6230,17161
17925,7290,8285,15575
17927,1108,2833,3941
17929,4624,4258,8882
17931,9027,4140,13167
17932,7118,13215,20333
17933,2046,1707,3753
17935,1459,5002,6461
17936,2773,2805,5578
17937,4158,2030,6188
17938,3729,3878,7607
17940,1406,4094,5500
17942,2725,3982,6707
17943,1994,1620,3614
17944,2654,2636,5290
17945,657,1145,1802
17946,1040,4112,5152
17947,11248,56264,67512
17948,22,4400,4422
17949,48,3832,3880
17950,12,348,360
17954,1830,6233,8063
17955,5991,3035,9026
17956,2187,13353,15540
17958,13249,4473,17722
17959,3659,11663,15322
17960,13672,13172,26844
17961,4410,980,5390
17962,3054,277,3331
17963,4648,826,5474
17967,16142,12047,28189
17970,2944,2892,5836
17971,461,12827,13288
17972,80340,52112,132452
17974,1240,6478,7718
17975,7284,1160,8444
17982,34811,32015,66826
17983,13,496,509
17984,4804,13405,18209
17985,13598,14645,28243
17986,13529,8207,21736
17987,11445,2779,14224
18001,42309,45404,87713
18002,37861,84831,122692
18003,125038,62015,187053
18004,62931,99852,162783
18005,56381,33069,89450
18006,23772,75652,99424
18007,89314,24064,113378
18008,22332,75123,97455
18009,93734,32347,126081
18010,43468,74468,117936
18011,51626,33464,85090
18012,29546,32488,62034
18013,38530,22142,60672
18014,25378,49110,74488
18101,1690,4,1694
18102,6812,4028,10840
18103,7818,12489,20307
18104,3868,11571,15439
18105,4285,1319,5604
18106,12366,26840,39206
18107,50711,15555,66266
18108,8633,4292,12925
18109,9077,9489,18566
18110,6288,8162,14450
18111,13853,38226,52079
18112,58878,33684,92562
18113,36392,57439,93831
18114,47514,26202,73716
18115,22835,11974,34809
18116,12413,11025,23438
18117,10400,7536,17936
18118,44018,31126,75144
18119,28042,17499,45541
18120,8499,7475,15974
18121,9260,7807,17067
18122,10191,7536,17727
18123,7532,5400,12932
18124,5900,11773,17673
18125,8190,5055,13245
18126,3073,13099,16172
18127,15179,2817,17996
18128,222,6109,6331
18129,7494,461,7955
18130,388,15812,16200
18131,11614,2278,13892
18132,8601,17825,26426
18133,19437,12050,31487
18134,33768,22325,56093
18135,1860,9138,10998
18136,5913,38276,44189
18137,40470,2134,42604
18138,800,8965,9765
18139,12308,940,13248
18140,33456,280,33736
18141,2085,49353,51438
18142,11091,526,11617
18143,11682,37399,49081
18144,7768,10390,18158
18145,7690,394,8084
18146,7462,20927,28389
18147,30473,26156,56629
18148,3489,9705,13194
18149,30956,15311,46267
18150,16309,15637,31946
18151,28073,31105,59178
18152,10562,13554,24116
18153,1996,3874,5870
18160,2242,3990,6232
18162,2401,1100,3501
18163,3113,2648,5761
18164,1832,10543,12375
18165,4715,2957,7672
18166,24,7211,7235
18167,14533,2171,16704
18168,670,1447,2117
18169,8466,3442,11908
18170,5380,48,5428
18171,5788,14719,20507
18172,17626,9833,27459
18173,2353,10471,12824
18174,7485,4152,11637
18175,36138,5070,41208
18176,5608,25367,30975
18177,19092,5352,24444
18178,7891,25515,33406
18179,28411,12205,40616
18180,20278,44939,65217
18181,62675,15712,78387
18182,13827,42940,56767
18183,33433,22195,55628
18184,42571,79914,122485
18185,65659,20003,85662
18186,3617,4976,8593
18187,3464,16661,20125
18188,34359,11436,45795
18189,14259,33678,47937
18190,29682,11087,40769
18191,13942,32531,46473
18192,31321,13225,44546
18193,11105,35048,46153
18194,37586,18085,55671
18195,27287,44543,71830
18196,30422,26324,56746
18197,74113,87451,161564
18198,64431,31450,95881
18199,3115,5418,8533
18200,5089,5120,10209
18201,5644,2808,8452
18202,3231,5540,8771
18203,27972,13089,41061
18204,6601,5273,11874
18205,11717,6056,17773
18206,5593,12744,18337
18207,1752,18875,20627
18208,12654,23902,36556
18209,35460,880,36340
18210,15307,4182,19489
18211,6652,6911,13563
18212,2396,8496,10892
18213,2860,6401,9261
18214,5855,13963,19818
18215,15391,23292,38683
18216,3629,56,3685
18217,9,2913,2922
18219,56299,558,56857
18220,34337,472,34809
18221,54,26412,26466
18222,14,2731,2745
18223,69,1934,2003
18224,18,1084,1102
18225,3385,1789,5174
18226,35,9559,9594
18227,30,7334,7364
18228,7580,26297,33877
18229,33996,10129,44125
18232,1870,4546,6416
18233,4291,2010,6301
18234,1863,1825,3688
18235,98,2180,2278
18236,128,8538,8666
18237,1177,73,1250
18238,18305,924,19229
18239,11793,15923,27716
18240,18996,5145,24141
18499,2136,6524,8660
18500,1324,1633,2957
18501,2020,1438,3458
18502,4661,1380,6041
18503,99110,1091,100201
18504,3458,3512,6970
18506,2009,8,2017
18507,8409,5690,14099
18508,13205,11812,25017
18510,671,6,677
18511,56143,33431,89574
18512,1609,229,1838
18513,10414,629,11043
18514,11963,7691,19654
18515,2126,13,2139
18516,8419,11856,20275
18517,493,2373,2866
18518,856,12,868
18519,1876,843,2719
18522,1743,2635,4378
18524,1068,36,1104
18525,1012,845,1857
18526,8404,29010,37414
18527,1520,909,2429
18528,4517,17,4534
18530,3208,7905,11113
18531,918,230,1148
18532,4368,1876,6244
18533,1670,4046,5716
18534,1299,5602,6901
18535,10514,20780,31294
18536,1038,451,1489
18537,1624,1461,3085
18538,1329,710,2039
18540,1705,1680,3385
18541,9218,10744,19962
18542,33517,8451,41968
18543,39361,26339,65700
18544,2983,1302,4285
18545,3314,621,3935
18548,12171,12511,24682
18549,8157,5127,13284
18550,8112,6457,14569
18552,3116,1654,4770
18553,45501,37547,83048
18554,3851,944,4795
18556,6496,11240,17736
18557,8569,2183,10752
18558,607,740,1347
18559,1453,1147,2600
18560,3133,1884,5017
18561,11231,5737,16968
18562,4330,2081,6411
18564,2411,2125,4536
18565,1978,1185,3163
18566,16692,5523,22215
18569,1011,2413,3424
18570,3981,3417,7398
18571,10216,4273,14489
18572,150,1672,1822
18573,12099,19100,31199
18577,6428,3773,10201
18581,379,3947,4326
18582,7692,6975,14667
18583,33364,83099,116463
18585,4194,1784,5978
18586,337,1075,1412
18587,1130,1176,2306
18588,1258,699,1957
18589,2124,304,2428
18590,14823,18088,32911
18592,1002,677,1679
18593,268,1414,1682
18594,8611,4175,12786
18595,46,386,432
18596,23633,8785,32418
18598,6259,9038,15297
18600,1947,1270,3217
18601,634,146,780
18602,108,575,683
18603,3802,3882,7684
18617,171,3121,3292
18618,4367,8935,13302
18639,4701,4586,9287
18643,9099,4594,13693
18644,14211,9318,23529
18657,3769,16822,20591
18658,3424,1836,5260
18688,1918,1040,2958
18689,141,3216,3357
18699,6530,2831,9361
18708,52,25250,25302
18740,5012,298,5310
18741,20,6720,6740
18763,5320,8423,13743
18764,7581,4275,11856
18772,753,784,1537
18776,36491,53784,90275
18777,65949,28120,94069
18783,800,5535,6335
18784,5962,12017,17979
18785,1606,2508,4114
18786,18230,9745,27975
18787,773,854,1627
18788,2416,2539,4955
18790,4244,15820,20064
18791,11257,8119,19376
18792,2395,411,2806
18794,7620,6868,14488
18795,917,170,1087
18796,1195,1745,2940
18797,20294,2589,22883
18798,501,604,1105
18800,680,1382,2062
18801,5256,4757,10013
18802,779,3634,4413
18803,11119,8096,19215
18804,4099,5693,9792
18805,735,2352,3087
18806,4067,3421,7488
18807,17636,9395,27031
18808,18960,13872,32832
18809,332,2479,2811
18812,15542,3778,19320
18814,2021,1834,3855
18815,13,6553,6566
18816,1386,1442,2828
18817,166,3330,3496
18818,6199,1741,7940
18820,3,632,635
18821,2019,1818,3837
18822,357,1172,1529
18824,12,403,415
18825,381,2001,2382
18826,45,1372,1417
18828,8481,5776,14257
18829,2293,9128,11421
18833,2482,1901,4383
18834,815,85321,86136
18836,379,995,1374
18838,66845,6810,73655
18839,98,991,1089
18840,2340,7203,9543
18841,87,1297,1384
18842,678,5799,6477
18843,1417,1896,3313
18844,1,685,686
18845,1449,6074,7523
18847,1,916,917
18848,877,3225,4102
18850,1428,3965,5393
18851,4388,1985,6373
18852,157,1731,1888
18853,228,1792,2020
18854,79,2032,2111
18856,12185,7979,20164
18857,52,1222,1274
18858,1330,159,1489
18859,8100,10832,18932
18860,9052,6957,16009
18861,4858,8086,12944
18863,23357,21592,44949
18864,33204,31031,64235
18865,10671,12976,23647
18866,16100,10789,26889
18867,20611,65879,86490
18868,10709,11972,22681
18869,3558,2630,6188
18871,128,2578,2706
18872,2787,3518,6305
18873,395,485,880
18959,481,895,1376
18960,1701,942,2643
18961,268,377,645
18962,47,230,277
18963,12,490,502
18964,15,1670,1685
18965,773,2359,3132
18967,1738,608,2346
18968,211,695,906
18969,200,679,879
18970,79,513,592
18972,4433,20,4453
18973,1654,20,1674
18974,510,35,545
18975,97,105,202
18976,351,543,894
18977,1899,1750,3649
18978,1679,508,2187
18979,3163,753,3916
18980,331,148,479
18981,651,168,819
18982,756,633,1389
18983,337,1486,1823
18984,435,1841,2276
18985,1235,2692,3927
18987,43,825,868
18988,1949,6477,8426
18989,3764,227,3991
18992,1149,4233,5382
18993,21,260,281
18994,880,2095,2975
18999,1340,13675,15015
19001,16618,26797,43415
19002,19078,34941,54019
19003,47827,60798,108625
19004,50397,55992,106389
19005,90169,68211,158380
19006,104743,146482,251225
19007,75540,43849,119389
19008,89591,93008,182599
19009,43427,62670,106097
19010,79045,72171,151216
19011,26821,41883,68704
19012,20152,45520,65672
19013,55753,43040,98793
19014,31885,45222,77107
19015,21024,31749,52773
19017,26872,57647,84519
19101,4316,7153,11469
19102,8904,8027,16931
19103,6641,8368,15009
19104,39306,31312,70618
19105,20375,41749,62124
19106,16979,52758,69737
19107,69674,29884,99558
19109,27309,22553,49862
19112,263760,164034,427794
19114,22805,15056,37861
19117,17934,56789,74723
19118,43310,77040,120350
19119,73932,47691,121623
19120,33181,47282,80463
19121,23212,24770,47982
19122,18341,22998,41339
19123,7716,2502,10218
19124,2309,7335,9644
19125,33346,37359,70705
19126,54558,32954,87512
19130,12458,4643,17101
19131,37660,17926,55586
19132,28389,24490,52879
19133,55865,44694,100559
19136,49791,44711,94502
19137,36410,21494,57904
19138,13908,15160,29068
19139,50038,40948,90986
19140,51677,41845,93522
19141,7884,8437,16321
19142,9206,13788,22994
19143,50287,37466,87753
19144,38864,31252,70116
19145,24019,13107,37126
19146,21990,30664,52654
19147,8851,5306,14157
19148,7126,13969,21095
19149,17776,23347,41123
19150,61549,37500,99049
19151,27779,32426,60205
19152,24585,18434,43019
19153,43330,103770,147100
19154,44869,31417,76286
19155,114211,45488,159699
19156,61110,123263,184373
19157,35953,49734,85687
19158,43787,14972,58759
19159,26317,35922,62239
19160,29017,19534,48551
19161,41066,82062,123128
19162,24736,29139,53875
19163,37842,42620,80462
19164,4529,7426,11955
19165,17797,22288,40085
19166,32866,26043,58909
19167,6687,18431,25118
19168,28734,27080,55814
19169,45203,30035,75238
19171,5973,9432,15405
19172,100231,51484,151715
19173,32813,37614,70427
19174,71132,61862,132994
19175,40593,58183,98776
19176,24851,53057,77908
19177,18626,7486,26112
19178,2234,13162,15396
19181,9975,11174,21149
19182,12818,12254,25072
19183,5387,4632,10019
19184,10782,10944,21726
19186,28847,10594,39441
19187,12816,26157,38973
19188,4873,1975,6848
19192,42262,7793,50055
19193,9085,50239,59324
19195,26,606,632
19196,43,9034,9077
19197,17726,64,17790
19198,142,14734,14876
19199,13991,223,14214
19200,293,296,589
19201,716,7,723
19202,19215,17481,36696
19203,21004,19945,40949
19204,22687,25755,48442
19205,28023,25576,53599
19206,1350,10838,12188
19207,18407,3999,22406
19208,1162,5479,6641
19210,32868,27882,60750
19211,17980,40951,58931
19212,29945,14140,44085
19213,11389,28285,39674
19214,23704,13281,36985
19215,46864,66033,112897
19216,15915,22154,38069
19217,48284,36522,84806
19218,26241,14042,40283
19219,11490,19899,31389
19220,9971,10246,20217
19221,2250,12214,14464
19222,12753,1794,14547
19223,5933,10553,16486
19224,7750,2239,9989
19225,54899,100994,155893
19226,46252,41630,87882
19227,36091,32223,68314
19228,67618,35942,103560
19229,20983,14754,35737
19230,28359,39730,68089
19231,20630,16138,36768
19232,17768,30854,48622
19233,13752,27557,41309
19234,17825,20063,37888
19235,13906,9177,23083
19236,10002,6794,16796
19238,26067,20586,46653
19239,45156,32985,78141
19240,28129,26910,55039
19241,20225,38722,58947
19242,13394,8845,22239
19243,6035,10800,16835
19244,1333,4218,5551
19245,9998,6860,16858
19246,8130,11278,19408
19247,27624,17425,45049
19248,14896,13867,28763
19249,40257,25591,65848
19251,314,17,331
19252,3530,871,4401
19253,9559,6239,15798
19254,25276,24157,49433
19255,54832,88837,143669
19256,3229,12250,15479
19257,745,2887,3632
19258,20262,27427,47689
19260,5395,6681,12076
19261,5850,8237,14087
19262,4643,10405,15048
19264,23570,25029,48599
19265,16058,14580,30638
19266,12796,5322,18118
19267,5899,4967,10866
19268,4921,5887,10808
19269,17900,13438,31338
19270,22193,20651,42844
19271,13342,21566,34908
19272,25511,12477,37988
19273,10410,2775,13185
19274,8836,9139,17975
19275,273,308,581
19276,526,518,1044
19277,4587,5193,9780
19278,4022,5603,9625
19279,39238,21724,60962
19280,18825,41250,60075
19281,6434,6437,12871
19282,53813,21468,75281
19283,21109,32614,53723
19284,62998,42671,105669
19285,5863,1397,7260
19286,922,3825,4747
19287,8408,11016,19424
19288,497,2871,3368
19289,4633,3499,8132
19290,20667,12272,32939
19291,4705,3143,7848
19292,2950,8158,11108
19293,5026,6185,11211
19294,4172,3888,8060
19296,986,2804,3790
19297,33281,34534,67815
19298,1894,591,2485
19299,1277,665,1942
19300,30579,26568,57147
19301,7226,1795,9021
19302,875,199,1074
19303,18788,48925,67713
19304,3413,2714,6127
19305,10439,11935,22374
19306,20132,17927,38059
19307,40589,32434,73023
19309,836,1384,2220
19310,4719,4836,9555
19311,440,687,1127
19312,2831,5755,8586
19314,791,600,1391
19315,2167,1387,3554
19316,1392,14695,16087
19317,19042,2063,21105
19318,16158,7935,24093
19319,2173,3749,5922
19320,2151,3069,5220
19321,1412,2632,4044
19322,856,3268,4124
19323,12317,12502,24819
19324,16919,12732,29651
19325,5904,2557,8461
19327,5244,5464,10708
19328,1409,3978,5387
19329,4092,3204,7296
19330,5573,5345,10918
19331,6284,2252,8536
19332,2407,2634,5041
19333,5434,5963,11397
19334,2854,1974,4828
19335,973,2866,3839
19336,489,16,505
19337,410,611,1021
19338,35,176,211
19341,1608,2055,3663
19346,2077,6099,8176
19347,3045,4785,7830
19350,29,502,531
19351,1626,1048,2674
19352,456,506,962
19353,52,155,207
19354,942,1795,2737
19357,6753,5083,11836
19358,3,2722,2725
19359,6452,55,6507
19360,13,2561,2574
19361,1855,257,2112
19362,4798,2137,6935
19364,2096,1009,3105
19365,1249,3201,4450
19367,6700,5090,11790
19386,122,1402,1524
19389,2322,5747,8069
19390,1489,2918,4407
19392,3,1568,1571
19393,1134,1308,2442
19402,9938,1604,11542
19403,3183,2184,5367
19404,631,2600,3231
19405,1877,1435,3312
19406,256,885,1141
19407,10322,7587,17909
19416,1136,616,1752
19418,305,347,652
19423,456,502,958
19424,405,546,951
19425,570,834,1404
19427,7185,16,7201
19428,9,4222,4231
19429,6747,4433,11180
19430,15435,12988,28423
19434,7218,11787,19005
19435,680,1670,2350
19436,813,415,1228
19437,257,2094,2351
19438,2943,1323,4266
19439,1617,3609,5226
19450,4364,2872,7236
19451,3108,4617,7725
19452,1272,1614,2886
19453,268,1782,2050
19454,6274,2218,8492
19455,6524,4766,11290
19456,4092,4780,8872
19457,11711,7643,19354
19458,5053,2693,7746
19483,4497,4262,8759
19501,11095,15190,26285
19502,14723,12092,26815
19503,4743,1626,6369
19504,1582,724,2306
19505,542,20,562
19506,986,57,1043
19507,1981,34,2015
19508,137,28,165
19509,23776,870,24646
19510,690,573,1263
19511,1166,108,1274
19512,1383,309,1692
19513,742,824,1566
19515,6654,3329,9983
19516,9772,2639,12411
19518,2522,550,3072
19519,140,303,443
19520,1896,2603,4499
19521,2925,5429,8354
19522,12562,340,12902
19523,1294,191,1485
19524,2535,779,3314
19525,827,202,1029
19526,1682,1488,3170
19527,2951,6950,9901
19528,963,569,1532
19529,3116,1075,4191
19530,2383,1362,3745
19532,1395,1310,2705
19533,4781,5173,9954
19534,1445,1906,3351
19535,582,653,1235
19536,994,921,1915
19538,5010,2327,7337
19539,2561,2605,5166
19540,3559,4723,8282
19541,5929,895,6824
19542,2301,1315,3616
19544,2158,1775,3933
19546,6247,7794,14041
19547,2765,874,3639
19548,1622,2661,4283
19550,1414,1068,2482
19551,15011,8749,23760
19552,4744,5192,9936
19553,5582,2860,8442
19555,4853,2339,7192
19556,3146,2738,5884
19557,2136,4061,6197
19558,3669,2062,5731
19560,7131,3027,10158
19561,414,1708,2122
19563,3479,1491,4970
19568,4257,3086,7343
19574,8735,4919,13654
19578,3159,3307,6466
19579,1156,769,1925
19581,778,2522,3300
19582,1670,1943,3613
19583,3485,4527,8012
19584,3500,3920,7420
19585,510,1626,2136
19586,2805,1053,3858
19587,1571,1104,2675
19588,2725,3287,6012
19590,5678,5264,10942
19591,397,1587,1984
19595,2653,2582,5235
19596,1544,3297,4841
19599,6056,6662,12718
19628,3986,4290,8276
19630,811,2275,3086
19631,1918,1753,3671
19645,96742,72103,168845
19662,89,4896,4985
19663,5957,4318,10275
19674,70,737,807
19676,6273,5763,12036
19679,2480,2197,4677
19682,1368,2195,3563
19684,1693,1037,2730
19685,3154,1539,4693
19687,5057,3013,8070
19688,346,91,437
19693,522,1958,2480
19697,366,1155,1521
19698,993,604,1597
19700,16029,2704,18733
19701,1677,4602,6279
19702,6358,1906,8264
19703,9208,12542,21750
19705,824,1349,2173
19706,1180,1419,2599
19707,460,1484,1944
19708,546,6462,7008
19709,1858,663,2521
19710,79,205,284
19713,431,195,626
19714,6633,5371,12004
19729,2083,3333,5416
19730,1814,1035,2849
19733,1187,195,1382
19740,178,1798,1976
19741,1416,2362,3778
19742,7805,10190,17995
19745,3489,9490,12979
19748,2096,5063,7159
19750,1137,2235,3372
19751,5214,10261,15475
19752,897,2498,3395
19753,2692,7140,9832
19756,1321,2288,3609
19757,7370,9883,17253
19758,3564,4935,8499
19760,69,631,700
19761,2971,9407,12378
19762,3064,3715,6779
19765,278,1977,2255
19770,5211,3228,8439
19773,1958,1222,3180
19774,3090,4555,7645
19775,594,1607,2201
19777,3947,3216,7163
19778,52,1506,1558
19786,320,5367,5687
19794,18,2301,2319
19799,847,2137,2984
19800,407,12119,12526
19806,2185,4395,6580
19807,210,13801,14011
19809,111,2820,2931
19811,140,902,1042
19812,1367,6529,7896
19813,83,178,261
19814,63,468,531
19821,48213,60610,108823
19827,7627,2882,10509
19833,2491,4312,6803
19834,3889,5151,9040
19835,1296,2732,4028
19836,1428,3064,4492
19837,1346,2084,3430
19840,143,1074,1217
19844,1398,5530,6928
19846,836,5454,6290
19847,550,1176,1726
19848,1309,7009,8318
19849,8535,14596,23131
19850,3128,7327,10455
19851,5130,1709,6839
19852,5976,3157,9133
19857,1792,2244,4036
19858,7548,6838,14386
19862,15322,9722,25044
19863,227,392,619
19865,1108,940,2048
19867,580,1535,2115
19868,1179,2292,3471
19869,650,833,1483
19870,1028,342,1370
19871,2772,6469,9241
19872,2935,8311,11246
19877,663,295,958
19878,1805,1481,3286
19879,942,723,1665
19880,1306,1151,2457
19881,381,1266,1647
19882,390,1334,1724
19883,242,793,1035
19884,1489,869,2358
19885,175,391,566
19888,1520,3602,5122
19893,31674,24659,56333
19894,568,311,879
19895,1245,567,1812
19896,590,203,793
19897,546,511,1057
19898,204,1200,1404
19899,295,782,1077
19902,0,21,21
19908,0,2,2
19911,427,596,1023
19984,10828,204,11032
19985,4515,302,4817
19986,4284,705,4989
19987,741,4224,4965
19988,322,6594,6916
19990,4141,10455,14596
19994,0,8,8
19997,9,70,79
20001,28763,32331,61094
20002,62275,60278,122553
20003,52273,23147,75420
20004,39297,29066,68363
20005,29628,39672,69300
20006,50837,27648,78485
20007,67194,58594,125788
20008,29179,38107,67286
20009,54937,77388,132325
20010,116485,77091,193576
20011,62652,35657,98309
20012,45340,49945,95285
20013,46116,28286,74402
20014,30384,48079,78463
20015,35317,64534,99851
20016,36284,28457,64741
20017,26323,40638,66961
20018,91728,73080,164808
20019,39517,32026,71543
20020,23863,46831,70694
20106,40376,23987,64363
20107,73960,45097,119057
20108,33714,42370,76084
20111,5578,5798,11376
20114,42736,220883,263619
20115,137502,21979,159481
20117,4786,8164,12950
20119,6606,7665,14271
20121,31076,16864,47940
20122,1843,4403,6246
20123,9926,20378,30304
20124,17660,13002,30662
20125,35532,37424,72956
20126,35348,23840,59188
20127,19665,14618,34283
20128,501,5684,6185
20129,24865,10538,35403
20130,15295,21715,37010
20131,3681,12393,16074
20132,2190,4363,6553
20133,22351,11790,34141
20134,16679,29299,45978
20141,56196,54660,110856
20142,37860,50633,88493
20143,17771,30059,47830
20144,25268,12370,37638
20145,25486,41751,67237
20146,34325,15895,50220
20147,57388,61458,118846
20148,87365,53900,141265
20149,49025,32457,81482
20150,26382,38618,65000
20151,28906,32268,61174
20152,20448,27409,47857
20153,27584,16717,44301
20154,20628,16165,36793
20155,23416,24493,47909
20156,11785,12842,24627
20157,24061,32618,56679
20158,31395,66882,98277
20159,51778,23882,75660
20160,37814,44272,82086
20161,33186,23004,56190
20162,32366,42996,75362
20163,46863,19074,65937
20164,16054,15051,31105
20165,110041,69641,179682
20166,108530,146277,254807
20167,23975,54025,78000
20168,49112,46138,95250
20169,11729,28950,40679
20170,14979,8229,23208
20171,13322,16898,30220
20172,9876,25484,35360
20173,9500,4464,13964
20174,9036,14708,23744
20175,17129,5875,23004
20176,10742,11239,21981
20177,7708,12396,20104
20178,22266,7565,29831
20179,8079,19219,27298
20180,23453,16671,40124
20181,8290,6041,14331
20182,2998,7523,10521
20183,4900,4426,9326
20184,5281,11701,16982
20185,18419,7831,26250
20186,55550,40837,96387
20187,52167,67692,119859
20188,26917,37679,64596
20190,45097,21648,66745
20191,15802,63762,79564
20192,34517,24733,59250
20193,58049,46819,104868
20194,68769,38306,107075
20195,13099,17408,30507
20196,26051,12117,38168
20197,39786,19381,59167
20198,10518,30435,40953
20199,5092,25992,31084
20200,18394,9576,27970
20201,7306,17235,24541
20202,3774,15609,19383
20203,11942,10297,22239
20204,1187,13650,14837
20205,4053,3103,7156
20206,43787,5406,49193
20207,6504,10536,17040
20208,2863,2253,5116
20209,2545,2040,4585
20210,3025,4695,7720
20217,19520,10984,30504
20219,17841,3864,21705
20220,59496,15563,75059
20221,25829,14464,40293
20222,10255,12794,23049
20228,17051,17948,34999
20233,1613,7011,8624
20235,2551,2342,4893
20240,43801,14153,57954
20241,2318,4713,7031
20242,3543,3878,7421
20243,3780,4698,8478
20244,7581,4767,12348
20245,3526,4030,7556
20246,2715,6578,9293
20247,3531,7616,11147
20248,30551,8210,38761
20249,195,3325,3520
20250,1409,1053,2462
20251,2489,4104,6593
20252,7982,5033,13015
20253,55414,24236,79650
20254,16234,8380,24614
20295,351,15,366
20349,2280,1493,3773
20494,1687,908,2595
20495,926,1186,2112
20496,3382,4051,7433
20497,87,189,276
20498,580,48,628
20499,989,1763,2752
20500,5193,1108,6301
20501,2104,3306,5410
20502,10811,15909,26720
20503,22118,2410,24528
20504,13234,396,13630
20505,2262,2407,4669
20506,4408,2870,7278
20507,6906,10688,17594
20508,280,84,364
20509,12771,15931,28702
20510,11810,11546,23356
20511,66295,26533,92828
20512,373,799,1172
20513,15816,4181,19997
20515,745,2559,3304
20516,1053,27,1080
20517,1659,70,1729
20518,7849,226,8075
20519,8350,75,8425
20520,515,86,601
20521,5003,68,5071
20522,934,241,1175
20524,3553,91,3644
20526,21661,32467,54128
20527,198,833,1031
20528,856,1515,2371
20529,1044,297,1341
20530,9917,115,10032
20531,170,346,516
20532,1928,136,2064
20533,3305,357,3662
20534,4445,9653,14098
20535,387,269,656
20536,2571,38,2609
20537,2904,675,3579
20539,15585,4593,20178
20540,2865,138,3003
20541,16172,3800,19972
20542,1602,1349,2951
20543,757,402,1159
20544,20587,203,20790
20545,22,4763,4785
20546,1225,1392,2617
20547,1653,193,1846
20549,2971,1026,3997
20550,2046,706,2752
20552,2559,12281,14840
20554,1276,2299,3575
20555,1194,1471,2665
20556,1737,430,2167
20557,4440,342,4782
20558,2478,99,2577
20559,1723,118,1841
20560,338,5223,5561
20561,1919,320,2239
20564,6183,1458,7641
20565,30575,4354,34929
20567,3875,8899,12774
20568,5189,4586,9775
20569,3555,4434,7989
20570,10,37,47
20571,5307,2265,7572
20573,705,326,1031
20574,5792,966,6758
20575,3173,391,3564
20577,10557,21806,32363
20578,2131,8574,10705
20579,1556,1049,2605
20580,600,1487,2087
20581,603,95,698
20582,22914,19625,42539
20584,477,757,1234
20585,329,618,947
20586,2831,429,3260
20587,10768,3938,14706
20588,28795,20222,49017
20589,173,1059,1232
20590,4116,4585,8701
20591,681,2637,3318
20593,3625,2075,5700
20594,252,1822,2074
20595,27708,18449,46157
20596,8612,9157,17769
20598,1046,617,1663
20599,11463,2143,13606
20600,1751,5703,7454
20673,1930,1176,3106
20674,4198,15740,19938
20675,470,13904,14374
20676,3870,5063,8933
20681,3334,1472,4806
20682,1983,15576,17559
20684,2280,1873,4153
20686,11114,8070,19184
20694,3510,4322,7832
20695,766,4502,5268
20697,3097,3410,6507
20698,5775,1957,7732
20699,977,2646,3623
20700,5361,4446,9807
20701,1995,368,2363
20702,2589,5587,8176
20703,478,892,1370
20704,2244,5091,7335
20705,15436,3972,19408
20706,474,2758,3232
20717,24,651,675
20718,653,34,687
20725,372,1131,1503
20726,5667,3017,8684
20727,453,2083,2536
20728,1872,1321,3193
20729,295,1925,2220
20730,4664,4165,8829
20731,1498,5616,7114
20732,254,5788,6042
20740,434,1453,1887
20741,685,9894,10579
20745,414,3259,3673
20746,27469,5376,32845
20747,896,9613,10509
20748,1429,1184,2613
20751,45,5088,5133
20756,479,1228,1707
20787,1272,13307,14579
20789,17438,12826,30264
20790,10738,25556,36294
20791,2164,11362,13526
20792,1621,3419,5040
20794,536,3925,4461
20799,23476,9899,33375
20801,102,3103,3205
20802,218,5790,6008
20803,1076,294,1370
20804,8756,6000,14756
20805,1705,2654,4359
20808,962,2228,3190
20809,17861,7175,25036
20810,49006,5303,54309
20811,1239,1148,2387
20812,22,3944,3966
20813,962,520,1482
20814,1566,2722,4288
20815,2,53,55
20818,1484,1583,3067
20819,14663,11645,26308
20820,4132,3504,7636
20822,358,2461,2819
20823,71,18311,18382
20824,2157,975,3132
20825,1158,2364,3522
20828,370,450,820
20829,227,2764,2991
20830,240,12249,12489
20832,2813,1012,3825
20833,843,3784,4627
20834,38405,17427,55832
20836,1169,602,1771
20837,16302,77102,93404
20839,3815,770,4585
20840,23,989,1012
20842,1954,2133,4087
20843,319,480,799
20844,23054,2297,25351
20845,118,1032,1150
20846,22,317,339
20847,658,5639,6297
20848,12,854,866
20850,437,2529,2966
20851,3710,5732,9442
20854,1658,5026,6684
20855,22,3922,3944
20856,26207,2745,28952
20857,491,934,1425
20858,565,3300,3865
20859,675,3905,4580
20861,1646,3682,5328
20862,455,2946,3401
20864,4083,10584,14667
20865,3754,7116,10870
20866,30619,10753,41372
20867,79146,3647,82793
20868,814,3948,4762
20869,3131,13919,17050
20870,1299,2780,4079
20871,4080,4267,8347
20872,5893,18040,23933
20873,1573,1638,3211
20874,9774,10048,19822
20875,2120,3531,5651
20876,2363,2730,5093
20877,714,13574,14288
20878,5981,14222,20203
20880,1221,4958,6179
20881,2878,15334,18212
20882,4206,23221,27427
20883,970,4694,5664
20884,29250,10550,39800
20885,16,25,41
20886,2101,6387,8488
20887,11883,10741,22624
20888,667,6179,6846
20890,59762,10825,70587
20891,5579,38251,43830
20892,84,3073,3157
20893,12138,65246,77384
20894,626,2951,3577
20896,1785,12020,13805
20897,545,6000,6545
20898,2813,20423,23236
20899,707,4559,5266
20901,44825,34804,79629
20902,427,2791,3218
20903,394,541,935
20904,7813,3215,11028
20906,580,1471,2051
20907,2525,1171,3696
20908,1538,5048,6586
20909,7444,2532,9976
20910,912,8891,9803
20911,719,3389,4108
20912,824,25361,26185
20913,2765,935,3700
20914,206,12010,12216
20915,584,786,1370
20916,2177,2299,4476
20917,7161,19008,26169
20918,2202,1173,3375
20919,4085,1960,6045
20921,15708,9897,25605
20922,2836,3218,6054
20923,479,1154,1633
20924,1131,2155,3286
20925,595,1348,1943
20926,76,2339,2415
20927,831,5198,6029
20928,263,1549,1812
20929,431,403,834
20930,157,352,509
20931,1049,62,1111
20932,2051,1058,3109
20933,3696,3245,6941
20934,16220,3705,19925
20935,6,140,146
20938,3058,3580,6638
20939,1864,5094,6958
20940,16426,16955,33381
20941,13646,4540,18186
20942,7004,24178,31182
20943,9294,430,9724
20944,169,296,465
20945,193,888,1081
20946,215,2330,2545
20947,378,3147,3525
20948,48,1027,1075
20949,104,1348,1452
20950,267,1256,1523
20951,132,614,746
20952,274,799,1073
20953,700,937,1637
20954,533,1208,1741
20955,73,971,1044
20956,133,967,1100
20957,21,90,111
20958,480,597,1077
20959,8754,20401,29155
20960,1394,1343,2737
20966,394,1769,2163
20967,149,353,502
20968,264,606,870
20969,127,534,661
20970,231,494,725
20971,1140,2515,3655
20972,6,794,800
20973,4174,2038,6212
20974,464,579,1043
20975,522,903,1425
20976,1939,3216,5155
20977,1537,461,1998
20978,387,1838,2225
20979,56,339,395
20980,5,484,489
20981,39,469,508
20983,117,463,580
20984,336,1522,1858
20985,679,2587,3266
20986,19,4494,4513
20988,452,1108,1560
20989,189,3653,3842
20990,13372,1943,15315
20992,1987,891,2878
20993,1,3,4
20995,1308,2643,3951
20997,1520,49,1569
20998,1522,46,1568
20999,445,98,543
21001,148165,357888,506053
21002,285165,280423,565588
21027,1190,9182,10372
21028,49560,48846,98406
21072,3301,8058,11359
21082,5794,7691,13485
21101,44806,56438,101244
21102,52596,32071,84667
21103,51547,35830,87377
21104,71216,33383,104599
21105,25372,22731,48103
21106,58967,56316,115283
21107,19406,24501,43907
21108,63418,15435,78853
21109,37002,55456,92458
21110,21595,34330,55925
21111,26249,46308,72557
21112,56050,55495,111545
21113,15404,30038,45442
21114,49001,32656,81657
21115,65769,41679,107448
21116,63410,59000,122410
21117,70894,241384,312278
21118,21059,28882,49941
21119,46595,53525,100120
21120,35511,39088,74599
21121,55209,64180,119389
21122,21429,32841,54270
21123,28456,45052,73508
21124,48420,38895,87315
21125,39902,37159,77061
21126,40536,41069,81605
21127,11302,16022,27324
21128,77134,21413,98547
21129,13892,19850,33742
21130,35705,126911,162616
21131,146595,65236,211831
21132,77956,33568,111524
21133,45232,34662,79894
21136,44070,42403,86473
21137,57859,91707,149566
21138,11733,29157,40890
21139,130218,62279,192497
21140,12581,21592,34173
21141,4198,24807,29005
21142,10856,30270,41126
21143,29567,54773,84340
21144,51946,25966,77912
21145,49228,22198,71426
21146,98478,18773,117251
21147,34320,39596,73916
21148,23701,75979,99680
21149,99497,56446,155943
21150,54480,38403,92883
21151,39620,56630,96250
21152,47110,60440,107550
21153,131476,30929,162405
21154,26095,36187,62282
21155,24120,65947,90067
21156,28140,42453,70593
21157,44601,43900,88501
21158,70442,19791,90233
21159,33532,11459,44991
21160,959,3391,4350
21161,445,26922,27367
21163,2433,13520,15953
21164,4727,6646,11373
21165,32365,30972,63337
21166,5198,19868,25066
21167,8833,24532,33365
21168,2323,3485,5808
21169,725,8002,8727
21170,4035,16104,20139
21171,11854,22170,34024
21172,1911,16188,18099
21173,11514,3218,14732
21174,13730,9219,22949
21175,16335,1843,18178
21176,1877,1521,3398
21177,5648,5005,10653
21178,35042,8280,43322
21179,25226,12831,38057
21180,31816,23449,55265
21181,8252,14053,22305
21182,5315,6300,11615
21183,9647,4365,14012
21184,7489,6170,13659
21185,3102,12754,15856
21186,7215,7606,14821
21187,6146,9657,15803
21188,6853,10814,17667
21189,5621,14968,20589
21190,13883,20978,34861
21191,20338,11391,31729
21192,13543,9328,22871
21193,20595,18632,39227
21194,20634,9865,30499
21195,11339,10090,21429
21196,4459,13776,18235
21197,17677,9751,27428
21198,5673,16531,22204
21199,10340,1587,11927
21200,16662,19146,35808
21201,7895,12147,20042
21202,14144,16416,30560
21203,9795,8357,18152
21204,14977,15699,30676
21205,27061,14019,41080
21206,38506,7332,45838
21207,53351,9574,62925
21208,50537,8996,59533
21209,84028,10302,94330
21210,26240,2531,28771
21211,20955,1537,22492
21212,2016,20632,22648
21213,3352,19683,23035
21214,12681,59083,71764
21215,11915,43877,55792
21216,13755,47796,61551
21217,6460,40802,47262
21218,10641,35110,45751
21219,19669,27278,46947
21220,985,885,1870
21221,752,1182,1934
21222,2326,2716,5042
21223,683,1094,1777
21224,4341,12104,16445
21225,83597,114840,198437
21226,8509,7576,16085
21227,11664,10140,21804
21228,7065,16144,23209
21229,26590,19573,46163
21230,42185,39544,81729
21231,6188,5246,11434
21232,15179,10075,25254
21233,6231,10923,17154
21236,8130,20229,28359
21237,11906,9668,21574
21239,4303,29012,33315
21240,22634,9013,31647
21241,5119,15630,20749
21242,19414,9526,28940
21243,8923,12862,21785
21244,15639,14309,29948
21245,34,2175,2209
21246,2087,218,2305
21247,8692,61,8753
21248,28968,18668,47636
21251,10851,17669,28520
21252,74385,194162,268547
21253,10395,8973,19368
21254,15765,4590,20355
21255,6199,13912,20111
21256,9292,9492,18784
21257,3192,5158,8350
21258,20965,6403,27368
21259,21097,12716,33813
21260,15487,16791,32278
21261,35854,38559,74413
21262,38421,27362,65783
21263,31660,36369,68029
21264,3267,6217,9484
21265,13944,23241,37185
21266,12871,8636,21507
21267,12927,19458,32385
21268,24812,10620,35432
21269,2504,3937,6441
21270,477,10771,11248
21271,2129,29242,31371
21272,2613,25738,28351
21273,1299,10034,11333
21274,717,5358,6075
21275,47595,25325,72920
21276,13308,2022,15330
21277,8428,833,9261
21278,5848,1715,7563
21279,33088,5592,38680
21280,2938,563,3501
21281,7761,1294,9055
21282,14440,2367,16807
21283,4279,19971,24250
21284,2335,11021,13356
21285,409,9254,9663
21286,4322,29136,33458
21288,1250,10607,11857
21289,1328,5369,6697
21290,5089,9797,14886
21292,20652,1537,22189
21293,25557,2244,27801
21294,26274,906,27180
21297,3720,285,4005
21298,6128,2267,8395
21299,2763,7773,10536
21300,2228,613,2841
21301,2331,7,2338
21302,4841,23,4864
21303,631,649,1280
21304,49,856,905
21305,1417,4465,5882
21309,37,1618,1655
21310,360,4967,5327
21311,124,1636,1760
21312,1194,1108,2302
21313,3769,36,3805
21314,3724,4,3728
21315,2416,5489,7905
21316,21,5588,5609
21317,76,2486,2562
21318,2368,238,2606
21319,8188,16549,24737
21320,3128,14910,18038
21321,121,10662,10783
21322,178,31097,31275
21327,28276,93,28369
21328,5803,530,6333
21329,15647,942,16589
21330,168976,56701,225677
21332,7780,377,8157
21333,24881,26195,51076
21335,5297,56,5353
21337,4445,11300,15745
21338,18663,53,18716
21339,43,25466,25509
21340,2675,12603,15278
21341,7255,10446,17701
21342,1220,340,1560
21343,166,4988,5154
21344,105,3497,3602
21345,626,2303,2929
21346,4729,4606,9335
21347,2537,20,2557
21348,1832,86,1918
21349,3739,173,3912
21350,223162,91170,314332
21351,3014,2557,5571
21352,32,1154,1186
21353,2881,30236,33117
21354,2252,4238,6490
21355,3453,5206,8659
21356,67139,5452,72591
21357,3134,2620,5754
21358,2279,15640,17919
21359,4201,8467,12668
21360,14750,4167,18917
21361,35601,24958,60559
21363,4535,13,4548
21364,2406,5324,7730
21365,56,4140,4196
21366,2113,112,2225
21367,2377,1185,3562
21368,49678,71041,120719
21369,15590,7968,23558
21370,9983,13736,23719
21371,2078,1500,3578
21373,28850,7674,36524
21374,2784,29494,32278
21375,2109,4539,6648
21376,3542,13697,17239
21377,20226,102962,123188
21378,22,9162,9184
21379,78,11201,11279
21501,2421,58,2479
21502,8281,6314,14595
21503,24340,3847,28187
21504,6337,3770,10107
21505,18001,33385,51386
21506,10100,1674,11774
21507,14440,19176,33616
21508,44883,2622,47505
21509,7779,8,7787
21511,8614,101,8715
21512,9208,21,9229
21513,9523,417,9940
21514,15940,100,16040
21515,115,18,133
21517,5658,2034,7692
21518,5702,11,5713
21520,2722,809,3531
21521,11481,32,11513
21522,4631,348,4979
21523,14455,114,14569
21524,5268,38,5306
21526,4049,3251,7300
21527,1053,470,1523
21528,1950,60,2010
21531,10050,47,10097
21532,3511,179,3690
21533,11121,354,11475
21534,8969,83,9052
21536,24424,8833,33257
21537,5399,1263,6662
21538,12548,127,12675
21539,6497,1803,8300
21540,45476,29627,75103
21541,8810,66,8876
21542,1969,440,2409
21543,3368,1821,5189
21544,10088,115,10203
21545,2904,1606,4510
21546,118,5679,5797
21547,1503,390,1893
21548,9418,894,10312
21549,2188,383,2571
21550,5258,110,5368
21551,1712,566,2278
21552,1287,5559,6846
21553,4443,199,4642
21555,548,855,1403
21556,415,33602,34017
21557,19057,1556,20613
21558,20401,2464,22865
21560,4940,1696,6636
21561,28553,9756,38309
21562,1901,9761,11662
21563,7320,1755,9075
21564,14576,996,15572
21565,3512,2603,6115
21566,26128,13864,39992
21567,26324,8610,34934
21568,6207,2064,8271
21569,355,4457,4812
21570,9587,1959,11546
21571,9711,14392,24103
21572,2300,37410,39710
21573,8106,4993,13099
21574,13734,1582,15316
21575,2769,6785,9554
21576,32172,746,32918
21578,20032,1058,21090
21579,17254,2397,19651
21580,30,9670,9700
21581,5719,1514,7233
21582,10135,17634,27769
21583,4662,3921,8583
21584,9361,1832,11193
21585,12094,1566,13660
21586,5710,18604,24314
21587,1894,1813,3707
21588,488,633,1121
21589,6430,3169,9599
21590,6095,1417,7512
21591,82,34005,34087
21592,6178,4988,11166
21593,1590,1956,3546
21594,213,1697,1910
21595,4418,708,5126
21597,1618,2167,3785
21598,749,1003,1752
21599,6506,6261,12767
21600,2181,2379,4560
21601,1909,6867,8776
21602,1081,20948,22029
21604,20306,78284,98590
21649,3396,5757,9153
21650,2450,10117,12567
21651,61082,50317,111399
21663,4322,3159,7481
21675,5395,18435,23830
21677,12826,8351,21177
21678,55499,3389,58888
21686,9016,2830,11846
21689,7772,534,8306
21700,1437,784,2221
21701,459,483,942
21722,716,1554,2270
21732,2364,3896,6260
21733,10286,13971,24257
21734,4202,2640,6842
21738,1884,1557,3441
21742,1418,1006,2424
21743,1101,4709,5810
21744,7464,4795,12259
21745,13721,7680,21401
21752,1010,2117,3127
21753,736,2767,3503
21756,520,564,1084
21760,968,12050,13018
21761,17911,7583,25494
21765,571,7582,8153
21766,4638,2092,6730
21768,193,12817,13010
21770,813,10072,10885
21771,291,19767,20058
21772,7562,2148,9710
21773,1753,4695,6448
21774,288,19729,20017
21775,402,14510,14912
21778,793,2670,3463
21782,5404,7277,12681
21783,100,8766,8866
21784,178,13677,13855
21785,121968,91874,213842
21792,945,9697,10642
21793,2140,7489,9629
21794,7206,8813,16019
21795,134,7487,7621
21796,51,10015,10066
21800,11072,1449,12521
21803,99,15283,15382
21809,28555,10770,39325
21810,19596,12644,32240
21812,1149,676,1825
21817,259,9897,10156
21818,16,8842,8858
21819,3795,1432,5227
21820,21107,9378,30485
21821,808,6105,6913
21823,1946,3587,5533
21841,1598,38,1636
21842,43,14176,14219
21843,34,2732,2766
21844,1857,2349,4206
21851,16013,14254,30267
21852,17465,5451,22916
21853,2417,15964,18381
21854,8802,4034,12836
21855,160,11240,11400
21856,3743,251,3994
21858,1086,2371,3457
21859,3682,1696,5378
21860,22,2502,2524
21861,188,2013,2201
21862,113,12744,12857
21863,2456,218,2674
21864,158,2288,2446
21865,2544,2861,5405
21866,344,11329,11673
21867,3074,7189,10263
21868,68,13769,13837
21869,1139,390,1529
21870,5857,15159,21016
21871,6644,16008,22652
21872,5,2621,2626
21873,5110,19740,24850
21874,94,14387,14481
21875,1415,7397,8812
21877,1213,2166,3379
21878,8,4840,4848
21879,873,8966,9839
21880,214,8427,8641
21881,5319,595,5914
21882,730,1321,2051
21883,156,5250,5406
21884,193,6531,6724
21885,2883,17305,20188
21886,5180,5060,10240
21887,887,4162,5049
21889,27,19650,19677
21890,574,2375,2949
21891,892,9522,10414
21892,3817,10271,14088
21893,2753,7739,10492
21894,517,9827,10344
21895,1925,13910,15835
21897,667,17195,17862
21899,1652,21385,23037
21904,85,380,465
21905,434,2559,2993
21907,396,1790,2186
21908,2319,1198,3517
21910,1754,6896,8650
21911,165,1976,2141
21912,26183,45379,71562
21913,14503,3742,18245
21915,20410,21349,41759
21916,158931,133482,292413
21919,410,1298,1708
21920,3566,24,3590
22001,16166,22464,38630
22002,45109,32482,77591
22003,86121,35817,121938
22004,53615,94126,147741
22005,43450,55408,98858
22006,56904,43225,100129
22007,58084,71002,129086
22008,115549,78869,194418
22009,115003,107747,222750
22010,130330,102775,233105
22011,140718,184791,325509
22012,264042,138623,402665
22013,100107,140284,240391
22014,131199,91852,223051
22015,60930,142868,203798
22016,88114,58094,146208
22017,35330,58953,94283
22018,40579,33008,73587
22019,297915,214623,512538
22020,252555,269058,521613
22021,67910,50495,118405
22022,50972,64012,114984
22023,26553,17655,44208
22024,26723,54305,81028
22025,3648,7503,11151
22026,29663,10025,39688
22027,52697,58209,110906
22028,80823,60069,140892
22029,95117,96609,191726
22031,34358,30466,64824
22033,34829,29150,63979
22068,240,125,365
22095,661,793,1454
22096,1,151,152
22097,66,1246,1312
22098,1264,39,1303
22099,1159,298,1457
22100,704,919,1623
22101,10192,22398,32590
22102,5599,3275,8874
22103,28343,33204,61547
22104,17877,12114,29991
22105,17521,13326,30847
22106,9985,7498,17483
22107,11026,14952,25978
22108,4237,2253,6490
22110,8772,6436,15208
22111,4944,3742,8686
22112,22794,17849,40643
22113,11827,21810,33637
22114,10756,16717,27473
22115,4834,6459,11293
22116,6237,4920,11157
22117,10605,8159,18764
22118,4992,8182,13174
22119,14432,14217,28649
22120,28556,16556,45112
22121,11002,7418,18420
22122,9937,14309,24246
22123,9293,8166,17459
22124,15,1024,1039
22125,29947,17760,47707
22126,7594,28367,35961
22127,27113,8527,35640
22128,11481,23659,35140
22129,13111,3818,16929
22130,1242,8404,9646
22131,20021,28728,48749
22132,11785,18642,30427
22133,5042,8845,13887
22134,20855,7487,28342
22135,43888,21198,65086
22136,14032,30132,44164
22137,2841,6807,9648
22138,3575,9919,13494
22139,19427,20906,40333
22140,15273,18180,33453
22141,16433,12807,29240
22142,13612,16256,29868
22143,14348,11361,25709
22144,10377,8446,18823
22145,8717,15887,24604
22146,30031,24447,54478
22147,27972,25171,53143
22148,25256,18345,43601
22149,27471,20285,47756
22150,4863,5997,10860
22151,1392,4623,6015
22152,20915,9013,29928
22153,2843,3593,6436
22154,2853,3649,6502
22156,39763,13010,52773
22157,51627,53339,104966
22158,2416,4971,7387
22159,5830,4974,10804
22160,11630,8102,19732
22161,13429,11247,24676
22162,1854,11516,13370
22163,1895,5632,7527
22164,8367,8763,17130
22165,4569,6960,11529
22166,5799,5958,11757
22167,28483,11905,40388
22168,6945,3382,10327
22169,6760,7161,13921
22170,14546,10635,25181
22171,6046,11112,17158
22172,43360,19204,62564
22173,11636,19530,31166
22174,11797,20074,31871
22175,12962,13635,26597
22176,14652,10101,24753
22177,6198,5111,11309
22178,5010,5734,10744
22179,3315,4893,8208
22180,4930,2848,7778
22181,7829,4453,12282
22182,4953,6699,11652
22183,41453,54853,96306
22185,22535,18035,40570
22186,5250,16857,22107
22190,47517,39570,87087
22191,10504,4474,14978
22192,4104,4239,8343
22193,9201,5082,14283
22194,26979,3408,30387
22195,6141,6105,12246
22196,4759,9762,14521
22197,12329,25297,37626
22199,25905,11984,37889
22200,12738,8322,21060
22203,2744,4276,7020
22204,20515,9656,30171
22205,15431,8707,24138
22206,10188,17399,27587
22207,30456,26811,57267
22208,22601,20948,43549
22211,6570,4733,11303
22212,25778,21444,47222
22213,9611,1483,11094
22214,18050,27878,45928
22215,9073,7655,16728
22217,11810,6537,18347
22218,29119,27227,56346
22220,12629,23026,35655
22221,13531,25834,39365
22222,24581,23746,48327
22223,23902,11488,35390
22224,20455,20329,40784
22225,51698,27450,79148
22227,10278,10163,20441
22228,8168,11978,20146
22229,34040,12436,46476
22230,21617,15678,37295
22231,37427,22307,59734
22232,9859,22196,32055
22233,30448,35037,65485
22234,6190,11944,18134
22235,1648,7331,8979
22236,4504,7345,11849
22237,2575,5512,8087
22238,1832,3283,5115
22241,25499,32443,57942
22244,11174,7650,18824
22245,2541,4863,7404
22246,6660,3209,9869
22247,2604,4430,7034
22248,19676,30264,49940
22249,27826,20349,48175
22250,5201,8020,13221
22251,9609,3829,13438
22252,7670,4064,11734
22253,19782,15740,35522
22254,3093,2001,5094
22255,1588,1879,3467
22256,3628,4352,7980
22257,6396,8686,15082
22258,3789,4648,8437
22259,2318,2522,4840
22260,1028,3533,4561
22261,874,6906,7780
22262,4769,14258,19027
22263,4515,3958,8473
22264,3892,4150,8042
22267,8846,2803,11649
22268,14407,8679,23086
22269,11978,9066,21044
22270,51208,37210,88418
22271,6962,21969,28931
22272,14330,5864,20194
22273,4591,16837,21428
22274,6761,5329,12090
22275,4183,11767,15950
22276,15129,3190,18319
22277,279,4302,4581
22278,12564,2297,14861
22279,12023,32304,44327
22280,40487,10986,51473
22281,4367,8627,12994
22282,4484,1581,6065
22283,36161,11158,47319
22284,260,6065,6325
22285,15512,22998,38510
22286,17009,8500,25509
22287,4803,2374,7177
22288,10204,15576,25780
22289,170752,46847,217599
22290,16681,33613,50294
22291,19664,27098,46762
22292,9419,9855,19274
22293,73738,74482,148220
22294,12115,35118,47233
22295,31855,11919,43774
22296,7363,1800,9163
22297,3648,8976,12624
22298,75988,45910,121898
22299,8288,8346,16634
22300,5678,5367,11045
22301,23552,43694,67246
22302,48992,25008,74000
22303,682,5532,6214
22304,633,14350,14983
22305,2684,8377,11061
22306,1641,41008,42649
22307,26763,499,27262
22308,5675,4903,10578
22309,11512,6603,18115
22310,430,924,1354
22311,1042,1258,2300
22312,168,734,902
22313,490,390,880
22314,128,1202,1330
22315,764,122,886
22316,161,2972,3133
22317,1499,214,1713
22318,1341,5459,6800
22319,5933,2116,8049
22320,156,1255,1411
22321,953,302,1255
22322,39,2610,2649
22323,1959,81,2040
22324,9723,159,9882
22325,1978,6105,8083
22326,10274,5139,15413
22327,338,7889,8227
22328,1650,1295,2945
22329,7522,11731,19253
22330,16918,5744,22662
22331,5338,8334,13672
22332,10267,6269,16536
22333,2097,4065,6162
22334,4816,2891,7707
22335,1119,1539,2658
22336,1941,3025,4966
22337,2433,2502,4935
22338,1375,6121,7496
22339,24191,14292,38483
22340,8786,8392,17178
22341,72,8930,9002
22343,280,65,345
22344,870,229,1099
22345,22891,15341,38232
22347,11710,12140,23850
22348,3271,13010,16281
22350,1744,301,2045
22351,369,1891,2260
22352,99,428,527
22353,99,557,656
22355,2868,1528,4396
22363,10241,346,10587
22364,3957,59,4016
22365,6849,1285,8134
22367,5735,562,6297
22368,25685,18591,44276
22369,651,24,675
22372,3589,2460,6049
22376,12776,24760,37536
22378,3875,21211,25086
22379,26642,16871,43513
22380,3383,4044,7427
22381,782,24517,25299
22382,20018,9762,29780
22383,160,2,162
22384,14580,1206,15786
22385,14831,4765,19596
22386,4358,2122,6480
22387,4345,5777,10122
22389,25623,5757,31380
22390,2269,6394,8663
22391,11722,17420,29142
22392,3633,9088,12721
22393,3898,15818,19716
22394,7121,5046,12167
22395,5831,6875,12706
22396,1595,1919,3514
22397,743,1525,2268
22398,17070,3277,20347
22399,6549,22930,29479
22400,1165,1613,2778
22401,9913,11591,21504
22402,4950,3025,7975
22403,6539,4165,10704
22404,12639,10833,23472
22405,13824,9087,22911
22415,8514,5484,13998
22416,131,723,854
22417,12114,10565,22679
22418,6388,96,6484
22419,2852,5266,8118
22420,5654,3735,9389
22421,603,20,623
22422,12972,450,13422
22423,3255,2614,5869
22424,25845,29530,55375
22426,13466,870,14336
22427,6423,25053,31476
22429,6916,2915,9831
22430,5366,1095,6461
22431,7323,5885,13208
22432,4138,756,4894
22433,4317,2980,7297
22434,91,27,118
22435,3737,294,4031
22436,5762,7007,12769
22437,1228,3449,4677
22439,6478,6971,13449
22440,14795,79481,94276
22442,1030,479,1509
22443,940,740,1680
22445,3099,3563,6662
22446,1844,1114,2958
22447,3177,2385,5562
22448,3845,4153,7998
22449,974,151,1125
22450,51653,28806,80459
22451,1019,4516,5535
22452,1091,7262,8353
22455,414,1353,1767
22456,4211,624,4835
22457,1273,1723,2996
22458,1125,3309,4434
22459,1035,989,2024
22460,4475,3296,7771
22461,367,689,1056
22462,73,94,167
22464,841,385,1226
22466,2136,2529,4665
22468,2476,1347,3823
22471,341,1161,1502
22473,617,686,1303
22474,2029,3950,5979
22475,2013,1118,3131
22476,12584,8713,21297
22478,570,986,1556
22479,8924,16935,25859
22480,5,178,183
22486,673,1806,2479
22487,786,1599,2385
22488,4525,2077,6602
22489,1966,7520,9486
22491,867,540,1407
22493,21098,5923,27021
22494,5342,10684,16026
22496,683,424,1107
22497,870,724,1594
22499,2579,1528,4107
22500,2259,2636,4895
22501,2904,4097,7001
22502,500,1936,2436
22503,3741,3870,7611
22504,270,5971,6241
22505,4087,10897,14984
22506,6798,217,7015
22507,7040,6759,13799
22508,8175,13897,22072
22510,926,292,1218
22511,1,5,6
22512,450,4051,4501
22513,11126,3896,15022
22515,4660,4689,9349
22516,3392,7665,11057
22517,914,1668,2582
22518,2848,4539,7387
22519,5006,293,5299
22520,2107,241,2348
22521,198,3648,3846
22525,217,265,482
22526,7052,346,7398
22528,100,1051,1151
22530,329,2205,2534
22531,2739,1682,4421
22532,11031,22761,33792
22533,2714,745,3459
22535,3514,5205,8719
22536,453,776,1229
22537,629,1175,1804
22538,1141,796,1937
22539,137,1406,1543
22540,1138,1213,2351
22541,316,238,554
22543,10200,3136,13336
22544,4542,2146,6688
22546,8442,4042,12484
22547,315,41,356
22548,8305,3280,11585
22549,32,10,42
22550,1978,650,2628
22551,2300,4901,7201
22552,1782,2214,3996
22553,3376,9161,12537
22554,31,1149,1180
22555,3902,2328,6230
22556,18086,5225,23311
22557,3251,2206,5457
22558,11,30,41
22559,448,294,742
22560,23,356,379
22561,3806,2747,6553
22562,2368,3011,5379
22563,12609,3077,15686
22565,849,955,1804
22566,976,6493,7469
22567,465,897,1362
22570,1231,1461,2692
22571,2297,1811,4108
22572,2571,871,3442
22573,23,288,311
22574,28154,5439,33593
22575,2234,1243,3477
22576,1993,19824,21817
22577,2748,265,3013
22578,363,385,748
22579,3725,6168,9893
22581,1814,3209,5023
22582,798,2025,2823
22583,4800,42,4842
22584,2219,1912,4131
22585,2509,8306,10815
22586,2686,7496,10182
22587,18565,1465,20030
22589,73,3,76
22591,698,3373,4071
22592,5499,4951,10450
22593,2493,3533,6026
22594,427,895,1322
22595,3962,8511,12473
22596,981,142,1123
22598,1149,1176,2325
22599,6405,13242,19647
22601,184,788,972
22602,1605,2595,4200
22604,18351,13749,32100
22605,9197,5522,14719
22607,8666,5021,13687
22608,368,18439,18807
22609,26,248,274
22613,98,1038,1136
22614,7,548,555
22615,10,475,485
22616,16,2851,2867
22631,1579,2166,3745
22640,4,30,34
22641,2,23,25
22654,48,3863,3911
22655,2379,104,2483
22656,3464,55,3519
22657,326,181,507
22667,31228,40211,71439
22694,2479,1363,3842
22742,560,3000,3560
22743,4717,11129,15846
22759,742,1902,2644
22774,606,2055,2661
22776,70,6856,6926
22777,260,641,901
22779,3864,6273,10137
22785,201,229,430
22807,3722,1296,5018
22819,1,22,23
22832,1463,1826,3289
22835,5533,21659,27192
22836,4860,6375,11235
22838,8454,5039,13493
22840,223,1,224
22841,11555,52641,64196
22842,2273,3298,5571
22843,1474,598,2072
22844,2490,5227,7717
22845,1518,360,1878
22847,260,1034,1294
22848,142,1485,1627
22849,11670,20079,31749
22850,1604,3844,5448
22852,360,12,372
22854,2542,9771,12313
22855,14378,6125,20503
22856,1031,3280,4311
22858,53,425,478
22859,21932,5064,26996
22860,486,101,587
22861,5316,18607,23923
22862,5025,18877,23902
22863,14373,15867,30240
22864,824,724,1548
22865,2063,3967,6030
22866,1390,210,1600
22867,128,2807,2935
22868,686,3929,4615
22869,4013,8224,12237
22870,1146,2728,3874
22871,2730,5484,8214
22872,875,907,1782
22873,10482,4328,14810
22874,1531,2913,4444
22875,1703,753,2456
22876,157,5133,5290
22877,694,1028,1722
22878,4400,15187,19587
22879,19702,16271,35973
22880,2392,1858,4250
22883,335,1762,2097
22884,2772,1603,4375
22885,9198,2111,11309
22887,1087,3052,4139
22889,3329,1244,4573
22890,1813,3195,5008
22891,1064,4060,5124
22892,739,1131,1870
22893,1160,9615,10775
22894,257,2153,2410
22895,4031,16066,20097
22897,25463,2826,28289
22899,3447,5648,9095
22900,6336,5916,12252
22901,462,5204,5666
22904,1747,3479,5226
22906,1023,3065,4088
22907,604,442,1046
22908,3590,2968,6558
22910,1858,1542,3400
22911,600,372,972
22912,4677,4843,9520
22913,2300,2244,4544
22915,96,1347,1443
22916,6689,2910,9599
22920,2034,4598,6632
22922,2164,2774,4938
22923,4630,2641,7271
22924,7732,9282,17014
22925,776,2558,3334
22926,28,227,255
22927,177,18,195
22928,2602,3790,6392
22929,4181,9612,13793
22930,911,2188,3099
22931,806,3842,4648
22932,1329,2064,3393
22933,528,3974,4502
22934,217,3810,4027
22935,3653,5629,9282
22936,1731,14156,15887
22937,52939,24700,77639
22938,9,1812,1821
22939,741,18,759
22940,2415,2001,4416
22942,35,5786,5821
22945,1504,1819,3323
22946,2097,2973,5070
22947,15,2971,2986
22949,2281,4397,6678
22950,34,3684,3718
22956,5628,5430,11058
22959,6597,3796,10393
22961,1531,2379,3910
22962,194,258,452
22963,5974,3576,9550
22966,3269,2591,5860
22968,2429,2641,5070
22969,900,682,1582
22970,1609,1515,3124
22972,2165,2956,5121
22973,125,5770,5895
22975,154,2860,3014
22976,12006,7330,19336
22977,10068,4587,14655
22979,6018,1630,7648
22980,11332,3635,14967
22981,14067,14579,28646
22982,560,523,1083
22983,2251,3858,6109
22984,3168,4996,8164
22985,5860,24154,30014
22986,3143,1904,5047
22987,6075,2998,9073
22989,54484,59874,114358
22990,19882,15119,35001
22992,8820,6136,14956
22993,7671,18391,26062
22994,436,6556,6992
22996,1198,4041,5239
22998,0,1,1
23045,33,368,401
23061,2076,12869,14945
23062,5698,433,6131
23074,738,39,777
23081,140,5,145
23101,36459,73295,109754
23102,67783,23153,90936
23103,29771,37533,67304
23104,41572,22380,63952
23105,63960,32754,96714
23106,32746,16398,49144
23107,16167,29696,45863
23108,44723,58801,103524
23109,11560,7472,19032
23110,41047,43176,84223
23111,68498,28860,97358
23112,17868,34744,52612
23113,26572,24519,51091
23114,48911,32296,81207
23115,13426,14452,27878
23116,6689,11837,18526
23117,19176,18841,38017
23118,30346,21709,52055
23119,14820,28498,43318
23120,4708,6264,10972
23121,5781,10931,16712
23122,13797,13722,27519
23123,9725,19716,29441
23124,14714,28763,43477
23125,23145,35244,58389
23126,20937,18810,39747
23127,10381,49888,60269
23128,19897,8954,28851
23129,6111,9462,15573
23130,5038,3342,8380
23131,4003,7106,11109
23132,44419,45018,89437
23133,12555,30826,43381
23134,9807,10684,20491
23135,4328,13046,17374
23136,8065,11236,19301
23137,10604,5667,16271
23138,5061,7702,12763
23139,11965,11680,23645
23140,4580,7234,11814
23141,13564,13911,27475
23142,7693,12329,20022
23143,4361,3814,8175
23144,1516,2736,4252
23145,26452,9869,36321
23146,11921,17889,29810
23147,3558,4561,8119
23148,53323,76086,129409
23149,107931,56374,164305
23150,25342,50312,75654
23151,23957,14449,38406
23152,7582,8383,15965
23153,10845,8574,19419
23154,4565,17344,21909
23155,25512,23467,48979
23156,42288,33811,76099
23157,42683,58309,100992
23158,75998,54588,130586
23159,58634,61444,120078
23160,53289,28422,81711
23161,44205,37759,81964
23162,11261,15594,26855
23163,10750,11790,22540
23164,21020,6222,27242
23165,17509,16506,34015
23166,64384,75666,140050
23167,76665,53626,130291
23168,10269,11964,22233
23169,31800,28958,60758
23170,30127,26290,56417
23171,18470,17294,35764
23172,16466,39985,56451
23173,27305,22626,49931
23174,11359,9384,20743
23175,6076,10992,17068
23176,47581,28323,75904
23177,17740,22830,40570
23178,54427,23341,77768
23180,19834,22125,41959
23181,39260,52571,91831
23182,22867,27621,50488
23183,13685,7963,21648
23184,3041,5362,8403
23185,14889,18412,33301
23186,44174,33748,77922
23187,32570,16545,49115
23188,5076,22677,27753
23189,41583,108679,150262
23190,8287,3865,12152
23191,4278,6332,10610
23192,120631,45159,165790
23193,5087,7964,13051
23194,4822,4488,9310
23195,2262,753,3015
23196,27107,41806,68913
23197,93985,32445,126430
23198,29125,54086,83211
23199,19910,22102,42012
23200,18260,9543,27803
23201,60266,46864,107130
23202,40077,18276,58353
23203,19930,12683,32613
23204,7216,23132,30348
23205,38017,21273,59290
23206,31174,32246,63420
23207,28660,5867,34527
23208,10240,8315,18555
23209,8585,18516,27101
23210,17105,6451,23556
23211,5958,11675,17633
23212,7418,4681,12099
23213,5996,7673,13669
23214,43656,18354,62010
23215,19436,22645,42081
23216,11483,12547,24030
23217,58509,38531,97040
23218,36971,31392,68363
23219,9277,11733,21010
23220,28898,11161,40059
23221,11060,16320,27380
23222,54539,35049,89588
23223,44381,62673,107054
23224,48482,40819,89301
23225,13514,24595,38109
23226,32255,26876,59131
23227,17804,11252,29056
23228,10013,10497,20510
23229,11402,13563,24965
23230,18831,18392,37223
23231,12348,12765,25113
23232,8797,30943,39740
23233,50589,21235,71824
23234,25600,18925,44525
23235,15148,12179,27327
23236,17633,24309,41942
23237,15836,15256,31092
23238,14448,14545,28993
23239,13407,12619,26026
23240,27854,15168,43022
23241,1555,3517,5072
23242,21919,59614,81533
23243,16187,14164,30351
23244,64171,20579,84750
23245,8291,22730,31021
23246,17394,12553,29947
23247,29906,25228,55134
23248,20482,18933,39415
23249,17433,29889,47322
23250,16140,14540,30680
23251,36114,30114,66228
23252,35016,24564,59580
23253,25281,18073,43354
23254,5414,7488,12902
23255,7721,6962,14683
23256,7871,6647,14518
23257,5625,4389,10014
23258,26218,39627,65845
23259,66915,52466,119381
23260,23706,61945,85651
23261,8521,14487,23008
23262,19903,27056,46959
23263,67804,41198,109002
23264,23187,19733,42920
23265,32172,31566,63738
23266,11568,3581,15149
23267,1472,4248,5720
23268,16937,20181,37118
23269,20105,26126,46231
23270,6111,5889,12000
23271,4430,18505,22935
23272,8927,3859,12786
23273,5085,4827,9912
23274,778,1319,2097
23275,27044,23834,50878
23276,18351,35588,53939
23277,40990,26299,67289
23278,27138,8558,35696
23279,8864,27904,36768
23280,33514,29986,63500
23281,57638,52811,110449
23282,38064,52039,90103
23283,32512,23049,55561
23284,28938,40909,69847
23285,15880,14560,30440
23286,28903,13444,42347
23287,43863,43825,87688
23288,22903,41342,64245
23289,10839,22550,33389
23290,9982,18568,28550
23291,34947,25313,60260
23292,7918,4597,12515
23293,4797,6502,11299
23294,18644,26861,45505
23295,8678,7832,16510
23296,18770,9564,28334
23297,8407,13024,21431
23298,14293,7431,21724
23299,6465,15745,22210
23300,17553,10137,27690
23301,8908,9795,18703
23302,8560,23495,32055
23303,7693,6250,13943
23304,21092,13219,34311
23305,21978,47272,69250
23306,22115,31549,53664
23307,42785,26349,69134
23308,27358,33132,60490
23309,24756,21340,46096
23310,68749,20524,89273
23311,35284,31703,66987
23312,40038,33788,73826
23313,45421,8027,53448
23314,37465,36250,73715
23315,25057,24870,49927
23316,14614,11724,26338
23317,18681,24922,43603
23318,31446,35692,67138
23319,27362,23015,50377
23320,3723,1821,5544
23321,33510,28835,62345
23322,13718,2265,15983
23323,57239,19809,77048
23324,7201,12879,20080
23325,3248,8822,12070
23326,11189,2586,13775
23327,22471,11348,33819
23329,13702,8217,21919
23330,27416,32555,59971
23331,7474,45438,52912
23332,8691,8652,17343
23333,1963,11863,13826
23334,3256,13323,16579
23335,8483,17910,26393
23336,6911,21194,28105
23338,5223,4059,9282
23339,16350,3584,19934
23340,17471,2112,19583
23341,1694,2381,4075
23342,8228,8367,16595
23343,14081,6108,20189
23344,25410,7894,33304
23345,35000,10951,45951
23346,8311,3429,11740
23347,4500,2088,6588
23348,1871,5340,7211
23349,3983,9851,13834
23350,19977,5412,25389
23351,14114,24298,38412
23352,28060,30030,58090
23353,30737,20649,51386
23354,30726,23841,54567
23355,3343,6201,9544
23356,6384,1771,8155
23357,1174,3948,5122
23358,4550,1788,6338
23359,12329,23949,36278
23360,8373,30946,39319
23361,7244,12311,19555
23362,15318,10651,25969
23363,650,12440,13090
23364,3682,16993,20675
23365,241,4148,4389
23366,7,1064,1071
23367,2901,3376,6277
23368,22496,4218,26714
23369,45755,11030,56785
23370,76544,8952,85496
23371,4206,4388,8594
23372,3454,6477,9931
23373,14738,6116,20854
23374,13043,3817,16860
23375,6373,21284,27657
23376,5832,16067,21899
23377,7150,7527,14677
23378,3510,4341,7851
23379,8935,4914,13849
23380,16335,11317,27652
23381,22272,32856,55128
23382,27700,12770,40470
23383,4243,10417,14660
23384,17146,13581,30727
23385,13340,13408,26748
23386,4029,7874,11903
23387,6380,3076,9456
23388,3786,3215,7001
23389,27532,11574,39106
23392,11503,4889,16392
23393,8526,5125,13651
23394,5638,8180,13818
23395,45926,13262,59188
23397,6854,4447,11301
23398,284,1933,2217
23399,216,5110,5326
23400,14780,14458,29238
23401,2897,4543,7440
23402,25110,8128,33238
23403,1569,14933,16502
23404,46026,64123,110149
23405,1455,853,2308
23406,7268,7306,14574
23407,8631,10638,19269
23408,208189,51848,260037
23409,11028,42152,53180
23410,67977,26521,94498
23411,567,3166,3733
23412,21269,12347,33616
23413,1661,13694,15355
23414,2908,2305,5213
23416,237,1095,1332
23417,1116,1540,2656
23418,2889,2588,5477
23419,2745,2954,5699
23420,1460,1675,3135
23421,2561,5583,8144
23422,4044,593,4637
23423,14502,2827,17329
23424,29951,3421,33372
23425,7598,11333,18931
23426,4487,11950,16437
23427,4216,28417,32633
23428,2700,10877,13577
23429,35083,39629,74712
23430,20527,38492,59019
23431,23688,30627,54315
23432,17475,39332,56807
23433,1753,1111,2864
23434,4283,1126,5409
23435,6133,14984,21117
23436,17414,12119,29533
23437,5637,2150,7787
23438,40142,22598,62740
23439,774,5617,6391
23440,129,158,287
23441,27,932,959
23442,13593,5115,18708
23445,602,3333,3935
23446,30435,9134,39569
23447,16094,32626,48720
23448,38968,13529,52497
23449,14523,26068,40591
23450,7748,8656,16404
23453,6739,23492,30231
23454,4080,1719,5799
23456,41709,19655,61364
23457,5533,23026,28559
23458,2338,193,2531
23459,10759,3762,14521
23462,4285,4633,8918
23463,10390,26900,37290
23464,30639,7731,38370
23465,11627,13558,25185
23466,1611,7702,9313
23468,3078,3587,6665
23469,5220,2829,8049
23470,1095,1928,3023
23471,10000,33606,43606
23472,3186,5826,9012
23473,22504,22198,44702
23474,1472,450,1922
23475,34,903,937
23476,3,600,603
23477,2,895,897
23479,262,1739,2001
23480,5096,13682,18778
23481,2748,6118,8866
23482,19106,9910,29016
23483,79,1682,1761
23484,2001,343,2344
23488,6676,11918,18594
23489,6323,3326,9649
23491,542,1174,1716
23492,152,3,155
23493,261,34,295
23500,854,2787,3641
23501,2532,745,3277
23504,1769,6629,8398
23505,1215,5753,6968
23507,55571,27844,83415
23508,915,6,921
23509,6504,20395,26899
23510,9239,16170,25409
23511,25791,12810,38601
23512,5078,18701,23779
23513,8573,5846,14419
23514,3069,4872,7941
23515,4293,3653,7946
23516,6363,11103,17466
23517,7642,5184,12826
23518,8977,4873,13850
23519,5384,2035,7419
23520,875,968,1843
23521,403,1543,1946
23522,2280,1474,3754
23523,1576,10522,12098
23524,2862,2010,4872
23525,6598,2731,9329
23526,8752,23967,32719
23527,6612,4928,11540
23528,7247,14947,22194
23529,3906,1455,5361
23530,9732,30483,40215
23531,19805,23933,43738
23532,158,30,188
23533,927,1754,2681
23536,517,972,1489
23537,31471,19654,51125
23538,31109,5887,36996
23543,5344,871,6215
23544,16017,71145,87162
23545,5271,531,5802
23546,9425,414,9839
23552,578,606,1184
23557,2755,487,3242
23558,4367,4270,8637
23562,2606,2269,4875
23564,2840,2941,5781
23569,4464,1046,5510
23572,12366,12594,24960
23573,2036,3066,5102
23575,2672,1422,4094
23579,3459,1124,4583
23586,5047,6419,11466
23595,650,679,1329
23597,5307,2391,7698
23598,2911,3781,6692
23600,7201,4039,11240
23629,5091,181,5272
23641,7246,78,7324
23697,3784,6470,10254
23698,879,5993,6872
23720,3659,2033,5692
23728,12793,7125,19918
23731,1539,3003,4542
23738,2755,3376,6131
23741,1030,29359,30389
23749,1219,42504,43723
23756,1679,3303,4982
23771,8,1433,1441
23783,1420,18,1438
23815,1958,3089,5047
23818,17696,8181,25877
23819,2612,3201,5813
23822,3105,2227,5332
23823,2178,3398,5576
23849,3,129,132
23850,4,1492,1496
23855,2803,1154,3957
23856,1087,3740,4827
23857,5328,8598,13926
23858,1679,88,1767
23863,7836,7033,14869
23866,1278,1355,2633
23871,677,6860,7537
23872,12599,12794,25393
23874,3809,2285,6094
23876,4189,2885,7074
23877,1392,1484,2876
23878,97,2326,2423
23880,852,2858,3710
23883,1217,4504,5721
23884,836,9975,10811
23893,871,468,1339
23896,4154,163,4317
23911,4357,15679,20036
23917,1142,2175,3317
23918,53034,62046,115080
23920,64627,37719,102346
23921,29121,6757,35878
23922,1290,4838,6128
23923,1809,3195,5004
23924,1637,2580,4217
23925,2278,1517,3795
23933,288,207,495
23937,41,1302,1343
23938,115,3819,3934
23940,57,4657,4714
23941,3291,3188,6479
23942,16880,4713,21593
23943,4194,2216,6410
23944,755,812,1567
23946,2329,1775,4104
23947,94,1427,1521
23948,103,3396,3499
23949,11,1173,1184
23950,204,1361,1565
23958,100,3731,3831
23960,627,7418,8045
23961,901,4061,4962
23962,86,7538,7624
23963,5403,4253,9656
23964,4504,17,4521
23965,2020,202,2222
23967,2105,337,2442
23968,42,2918,2960
23969,22,4560,4582
23970,8,2774,2782
23971,1897,1929,3826
23972,587,545,1132
23981,7759,13208,20967
23983,1,1,2
23993,734,4396,5130
23994,28704,26941,55645
23995,15221,10081,25302
24001,25758,10891,36649
24002,79954,93496,173450
24003,74098,76746,150844
24004,70192,84036,154228
24005,56816,64938,121754
24006,54075,46849,100924
24007,64820,47062,111882
24008,45410,56769,102179
24009,82056,54151,136207
24010,57815,67340,125155
24011,54086,21773,75859
24012,17727,52999,70726
24013,75266,21566,96832
24014,22499,67491,89990
24015,58358,20093,78451
24016,71038,57324,128362
24017,67702,108336,176038
24101,75733,31444,107177
24102,1737,2022,3759
24103,7882,12634,20516
24104,13972,778,14750
24105,6884,2933,9817
24106,4116,1523,5639
24107,3147,5763,8910
24108,9772,39645,49417
24109,31926,34463,66389
24110,33844,17035,50879
24111,5745,2785,8530
24112,1311,2538,3849
24113,7383,10914,18297
24114,17168,22497,39665
24115,22028,17729,39757
24116,3314,6803,10117
24117,9937,1867,11804
24118,1318,9495,10813
24119,4380,5597,9977
24120,6936,3941,10877
24121,8223,2255,10478
24122,8898,3607,12505
24123,23354,17351,40705
24124,6458,8908,15366
24125,4623,19720,24343
24126,5827,5586,11413
24127,2337,6553,8890
24128,11626,27900,39526
24129,16216,5932,22148
24130,18369,22989,41358
24131,18334,13016,31350
24132,46375,159289,205664
24133,84121,40001,124122
24134,139215,48186,187401
24135,13219,26846,40065
24136,42766,24658,67424
24137,1263,12365,13628
24138,98779,133215,231994
24139,25679,25535,51214
24140,2767,4609,7376
24141,12448,53001,65449
24142,42590,47885,90475
24143,30346,32855,63201
24144,34703,52871,87574
24145,25339,28841,54180
24146,198595,92772,291367
24147,10970,15821,26791
24148,6605,8545,15150
24149,16131,6369,22500
24150,4900,11806,16706
24151,2289,1245,3534
24152,16412,16292,32704
24153,18185,5162,23347
24154,103400,51145,154545
24155,15589,12063,27652
24156,15030,12588,27618
24157,49866,49114,98980
24158,105110,50606,155716
24159,4181,10808,14989
24160,19920,16987,36907
24161,17262,17200,34462
24162,27426,16968,44394
24163,21640,28213,49853
24164,6661,23232,29893
24165,15698,14132,29830
24166,37533,42667,80200
24167,30034,28963,58997
24168,30833,31015,61848
24169,35668,31169,66837
24170,3809,7383,11192
24171,7390,17934,25324
24172,15640,3483,19123
24173,10586,11565,22151
24174,5232,1733,6965
24175,10160,5031,15191
24176,6035,6661,12696
24177,21662,14621,36283
24178,13584,21969,35553
24179,22363,17511,39874
24180,29237,26482,55719
24181,22179,22179,44358
24182,1475,2085,3560
24183,8533,4464,12997
24184,11242,13739,24981
24185,11702,6741,18443
24186,9163,12706,21869
24187,14790,9865,24655
24188,13716,13027,26743
24189,7579,11979,19558
24190,8900,9157,18057
24191,10722,13153,23875
24192,140,1665,1805
24193,8576,9532,18108
24194,11021,9596,20617
24195,10707,9704,20411
24196,8184,9180,17364
24197,14802,22004,36806
24198,7200,3072,10272
24199,19338,17438,36776
24200,16730,5565,22295
24201,20175,10205,30380
24202,11175,26608,37783
24203,6912,12056,18968
24204,5226,7397,12623
24205,1068,3374,4442
24206,33664,35230,68894
24207,9389,13904,23293
24208,4676,15864,20540
24209,7281,13102,20383
24210,8197,9941,18138
24211,6047,4727,10774
24212,10608,11739,22347
24213,10771,8587,19358
24214,22904,22020,44924
24215,33990,73240,107230
24216,23106,16822,39928
24217,6228,6787,13015
24218,13672,3820,17492
24219,13568,1600,15168
24220,17046,14881,31927
24221,7369,11924,19293
24222,5653,8257,13910
24223,9439,3916,13355
24224,40937,22786,63723
24225,3428,15182,18610
24226,2215,5635,7850
24227,2025,6508,8533
24228,9923,2599,12522
24229,1997,11025,13022
24230,12722,2275,14997
24231,18814,18762,37576
24232,19564,39803,59367
24233,3986,5287,9273
24234,522,790,1312
24235,3192,5761,8953
24236,744,2169,2913
24237,1288,2336,3624
24238,2723,9742,12465
24239,8059,7344,15403
24240,3886,4762,8648
24241,6067,10320,16387
24242,2761,8978,11739
24243,5564,16721,22285
24244,34012,43912,77924
24245,46617,25725,72342
24246,1080,2272,3352
24247,13329,17485,30814
24248,11573,15234,26807
24249,55806,54477,110283
24250,17136,16898,34034
24251,24577,19144,43721
24252,21279,28056,49335
24253,8314,2052,10366
24254,26627,5985,32612
24255,7807,26010,33817
24256,833,3407,4240
24257,2580,4885,7465
24258,4537,4434,8971
24259,12744,2924,15668
24260,15,5025,5040
24261,16726,453,17179
24262,3561,10239,13800
24263,10858,5136,15994
24264,15241,6255,21496
24265,11691,20684,32375
24266,18297,4765,23062
24267,7023,20381,27404
24268,14218,3651,17869
24269,898,11213,12111
24270,28250,8411,36661
24271,8340,25395,33735
24272,5659,11233,16892
24273,5497,7138,12635
24274,1530,10028,11558
24275,14767,16549,31316
24276,18435,11609,30044
24277,10181,12109,22290
24278,7096,8943,16039
24279,4807,7033,11840
24280,2061,6760,8821
24281,26,12585,12611
24282,698,5631,6329
24283,3235,13353,16588
24284,6598,8553,15151
24285,8467,1778,10245
24286,6119,9013,15132
24287,6147,8478,14625
24288,1594,7003,8597
24289,1050,8224,9274
24290,8312,1573,9885
24291,15908,1989,17897
24292,2022,15031,17053
24293,15317,2633,17950
24294,2853,16327,19180
24295,7773,24363,32136
24296,35246,4907,40153
24297,2243,14899,17142
24298,9950,2808,12758
24299,39432,10166,49598
24300,7324,32550,39874
24301,10618,37147,47765
24302,52342,8773,61115
24303,12155,2562,14717
24305,1464,4770,6234
24307,3724,1398,5122
24308,1328,8588,9916
24309,14058,5542,19600
24310,10060,3125,13185
24311,3620,2345,5965
24312,6397,6924,13321
24313,6163,7186,13349
24314,7618,9817,17435
24315,5321,1694,7015
24316,2129,7124,9253
24317,1811,5872,7683
24318,5237,1229,6466
24319,18455,26099,44554
24320,14941,2653,17594
24321,2351,15133,17484
24322,3257,10378,13635
24323,13666,2884,16550
24324,3033,11316,14349
24325,18814,5494,24308
24326,4409,14070,18479
24327,6678,1637,8315
24328,1317,9608,10925
24329,7850,23412,31262
24330,898,10345,11243
24331,11927,1697,13624
24332,1838,3599,5437
24333,13201,14599,27800
24334,14668,9677,24345
24335,1081,2737,3818
24336,14456,4270,18726
24337,7780,4407,12187
24338,1540,4185,5725
24339,8016,3483,11499
24340,17050,12958,30008
24341,2697,2442,5139
24343,14954,4897,19851
24344,20985,10115,31100
24345,10069,16582,26651
24346,17025,14681,31706
24348,51349,32041,83390
24349,16819,16549,33368
24350,7346,8095,15441
24351,9138,7476,16614
24352,4327,2650,6977
24353,1779,4200,5979
24354,9684,2276,11960
24355,3926,1527,5453
24356,1316,3436,4752
24357,9629,11475,21104
24358,9743,6262,16005
24359,765,1572,2337
24360,703,1338,2041
24361,592,1354,1946
24362,1163,1354,2517
24363,17183,6332,23515
24364,4258,14785,19043
24365,19170,11309,30479
24366,4870,16957,21827
24367,1547,3057,4604
24368,2285,2396,4681
24369,47133,49839,96972
24370,3442,2478,5920
24371,6857,6398,13255
24372,5790,1832,7622
24373,2038,5296,7334
24374,2648,1100,3748
24375,1394,2117,3511
24376,693,121,814
24377,4100,6061,10161
24378,8432,5264,13696
24379,18192,15633,33825
24380,8628,19046,27674
24382,5309,14693,20002
24385,5007,9305,14312
24386,13455,18943,32398
24387,9487,10690,20177
24388,12160,17594,29754
24389,16813,6990,23803
24390,7167,9199,16366
24391,20000,16533,36533
24392,2212,5953,8165
24393,2232,2625,4857
24394,2166,5859,8025
24395,606,6739,7345
24396,19208,19502,38710
24397,2729,2663,5392
24398,4905,2941,7846
24399,2690,3849,6539
24400,1093,1401,2494
24401,1392,1038,2430
24402,2046,3550,5596
24403,31828,16143,47971
24404,8580,21228,29808
24405,1437,4752,6189
24406,2798,5346,8144
24408,5407,1513,6920
24409,1202,5776,6978
24410,4961,4145,9106
24411,3932,6264,10196
24412,5300,4342,9642
24413,2488,3528,6016
24414,4281,5012,9293
24415,9646,2971,12617
24416,2133,8568,10701
24417,9217,1795,11012
24418,523,5692,6215
24419,7486,411,7897
24420,2485,25712,28197
24421,20495,3679,24174
24422,1937,11427,13364
24423,4976,4071,9047
24424,3812,15216,19028
24425,12914,4907,17821
24426,8073,3426,11499
24427,3384,5000,8384
24428,3943,6109,10052
24429,8913,7688,16601
24430,9810,4432,14242
24431,4640,3908,8548
24432,2520,7268,9788
24434,900,2874,3774
24435,1135,1143,2278
24436,18035,6958,24993
24437,7005,10508,17513
24438,9545,2072,11617
24439,30047,12006,42053
24440,6834,29600,36434
24441,7334,1551,8885
24442,17162,69204,86366
24443,795,6316,7111
24444,29239,14043,43282
24445,1508,2827,4335
24446,27069,798,27867
24447,45,23647,23692
24448,6624,967,7591
24449,113,3633,3746
24450,1255,297,1552
24451,376,2874,3250
24452,4897,3049,7946
24453,8805,5136,13941
24454,5668,2229,7897
24455,1869,3280,5149
24456,8102,8911,17013
24457,696,5952,6648
24458,6221,35282,41503
24459,4154,19048,23202
24460,1478,53,1531
24461,2,1192,1194
24462,1862,8510,10372
24463,11867,2758,14625
24464,5428,1681,7109
24465,736,6463,7199
24466,2312,3568,5880
24467,6898,3730,10628
24468,18643,16926,35569
24469,6610,232,6842
24470,212,5972,6184
24471,462,6601,7063
24472,928,5852,6780
24473,1987,1564,3551
24475,19076,4647,23723
24476,13934,19053,32987
24477,9582,2450,12032
24478,4732,9808,14540
24479,3659,7310,10969
24480,5457,23072,28529
24481,3319,8795,12114
24482,9272,2197,11469
24483,1422,4154,5576
24484,3567,1476,5043
24485,632,5158,5790
24486,6583,635,7218
24487,2,401,403
24488,125,127,252
24489,383,5988,6371
24490,7190,667,7857
24491,2551,5235,7786
24492,20083,26897,46980
24493,13465,1148,14613
24494,928,13925,14853
24495,30615,21008,51623
24496,10563,1777,12340
24497,1299,11422,12721
24498,2935,1253,4188
24500,61,39670,39731
24502,5923,800,6723
24503,47342,631,47973
24504,2327,6770,9097
24505,527,18682,19209
24506,46066,266,46332
24508,19518,917,20435
24509,1058,4488,5546
24510,3755,2886,6641
24511,384,19,403
24512,96,2,98
24513,1074,26,1100
24514,649,339,988
24515,302,1011,1313
24516,1190,1391,2581
24517,1964,396,2360
24518,216,241,457
24519,200,424,624
24520,314,1159,1473
24521,901,1577,2478
24522,605,572,1177
24523,1271,312,1583
24524,20,989,1009
24525,16,907,923
24526,8,280,288
24527,1045,41,1086
24528,275,9,284
24529,758,274,1032
24530,714,314,1028
24531,1558,650,2208
24532,830,224,1054
24533,262,2351,2613
24534,577,1719,2296
24535,303,829,1132
24536,495,1072,1567
24537,1,915,916
24538,0,428,428
24539,408,920,1328
24653,15900,11567,27467
24654,11653,14999,26652
24658,87,40294,40381
24911,421,469,890
24912,6,462,468
24913,292,10,302
24914,517,437,954
25002,10068,24584,34652
25003,5237,3488,8725
25004,2661,10326,12987
25005,18069,7701,25770
25006,5158,9227,14385
25007,20759,9490,30249
25008,8021,17559,25580
25009,27281,43735,71016
25010,10250,21698,31948
25011,27280,46844,74124
25012,31678,31148,62826
25013,43459,49043,92502
25014,43542,78041,121583
25101,31885,2719,34604
25102,402,17675,18077
25103,15421,3373,18794
25104,1036,9594,10630
25105,13998,14259,28257
25106,6507,16661,23168
25107,8110,1671,9781
25108,332,7669,8001
25109,17492,4555,22047
25110,2895,10096,12991
25111,19863,6079,25942
25112,3497,11426,14923
25113,7193,874,8067
25114,641,6329,6970
25115,7318,1096,8414
25116,1678,9866,11544
25117,4022,2457,6479
25118,2458,1923,4381
25119,3697,2302,5999
25120,1252,3869,5121
25121,2907,1920,4827
25122,1734,4210,5944
25123,12975,2823,15798
25124,21292,10393,31685
25125,12944,7343,20287
25126,15924,8821,24745
25127,19688,11149,30837
25128,35925,16198,52123
25131,36377,59139,95516
25132,61522,26697,88219
25133,20432,8532,28964
25134,17570,26677,44247
25135,6955,4226,11181
25136,3302,12344,15646
25137,9273,18475,27748
25138,805,2277,3082
25139,18457,8200,26657
25140,13156,19487,32643
25141,10244,3265,13509
25142,2503,9302,11805
25143,2572,2898,5470
25144,2193,5195,7388
25145,20560,10176,30736
25146,5717,15778,21495
25147,30966,16080,47046
25148,17596,25534,43130
25149,31366,12281,43647
25150,15960,35274,51234
25151,18174,10471,28645
25152,13023,19179,32202
25153,8696,35440,44136
25154,17140,10018,27158
25155,21523,63196,84719
25156,53984,22953,76937
25157,20879,9349,30228
25158,10842,22759,33601
25159,14098,20504,34602
25160,15716,13142,28858
25161,25206,73770,98976
25162,91739,27882,119621
25163,20129,28045,48174
25164,36151,26322,62473
25165,2092,6995,9087
25166,6123,1603,7726
25167,2295,2571,4866
25168,764,1979,2743
25169,7970,3790,11760
25170,3592,5900,9492
25171,5213,4551,9764
25172,5228,8757,13985
25173,11756,2992,14748
25174,4228,9028,13256
25175,7810,1554,9364
25176,922,4358,5280
25177,24578,13541,38119
25178,38595,21447,60042
25179,13469,20631,34100
25180,13365,3579,16944
25181,3691,12441,16132
25182,2311,4338,6649
25183,1919,3461,5380
25184,1577,18994,20571
25185,1782,1451,3233
25186,1621,2464,4085
25187,4589,2268,6857
25188,4426,10003,14429
25190,11591,2976,14567
25191,3967,7307,11274
25192,12960,3443,16403
25193,5208,14682,19890
25194,2314,2805,5119
25195,2116,7209,9325
25196,5032,2607,7639
25197,2417,4396,6813
25198,7800,3645,11445
25199,4343,5521,9864
25202,38,999,1037
25204,4775,2960,7735
25205,2980,4938,7918
25210,2543,2436,4979
25211,2230,1769,3999
25212,3161,2439,5600
25213,2461,1848,4309
25214,2527,1995,4522
25215,3105,1891,4996
25216,512,3888,4400
25217,1543,746,2289
25218,2877,1802,4679
25219,3998,2469,6467
25220,4810,2959,7769
25221,13233,12797,26030
25222,2701,1827,4528
25223,7216,10740,17956
25224,6495,14109,20604
25225,2453,3078,5531
25226,1331,1879,3210
25227,953,1534,2487
25230,23799,14910,38709
25231,12955,11221,24176
25232,38857,16658,55515
25233,12832,27867,40699
25234,16740,8975,25715
25235,9645,17197,26842
25236,8676,7186,15862
25237,6824,10816,17640
25238,18074,6628,24702
25239,10918,16807,27725
25240,35446,24929,60375
25241,12483,11903,24386
25242,18272,9515,27787
25243,13571,16197,29768
25244,19442,15438,34880
25245,13936,13343,27279
25246,28227,31229,59456
25247,14629,18281,32910
25248,23450,16477,39927
25249,23797,21055,44852
25250,18079,2135,20214
25251,1975,12267,14242
25252,12198,728,12926
25253,1616,14733,16349
25254,1708,548,2256
25255,160,3248,3408
25256,2467,2053,4520
25257,1002,2616,3618
25259,532,2609,3141
25260,19460,6950,26410
25261,7868,13607,21475
25262,16222,7179,23401
25263,10640,20528,31168
25264,15486,13063,28549
25265,10688,14012,24700
25266,18115,13257,31372
25267,21798,15933,37731
25281,3508,8087,11595
25282,11779,8777,20556
25283,5686,5553,11239
25284,6729,10190,16919
25285,9241,4910,14151
25286,8493,12061,20554
25287,723,2800,3523
25288,1235,879,2114
25289,366,860,1226
25290,1120,1315,2435
25297,1314,343,1657
25298,180,1233,1413
25299,398,2396,2794
25300,2094,332,2426
25302,4187,1375,5562
25303,8770,6351,15121
25309,29663,6240,35903
25310,6417,25815,32232
25311,7987,9280,17267
25312,6849,9561,16410
25313,21887,22341,44228
25314,1254,1137,2391
25315,1086,979,2065
25317,1469,1607,3076
25318,4291,24389,28680
25319,10707,2910,13617
25320,11429,7803,19232
25321,12602,8068,20670
25322,3138,8522,11660
25323,12390,5982,18372
25324,7,920,927
25326,4101,8602,12703
25327,15316,4218,19534
25328,16546,4982,21528
25329,2188,14429,16617
25330,8138,50830,58968
25331,58712,7129,65841
25332,9920,64,9984
25333,21,6156,6177
25334,8781,3833,12614
25335,6100,11202,17302
25336,12054,1063,13117
25337,1477,6220,7697
25338,814,4820,5634
25339,1253,11421,12674
25340,17444,1219,18663
25341,993,113,1106
25342,7282,6999,14281
25343,3762,7568,11330
25344,584,278,862
25345,2762,340,3102
25346,279,1628,1907
25347,87,706,793
25348,18510,10947,29457
25349,12178,15231,27409
25350,4267,956,5223
25351,379,2673,3052
25352,5155,141,5296
25353,76,4699,4775
25357,4272,2531,6803
25358,2752,2525,5277
25359,3580,1527,5107
25360,1226,5046,6272
25361,3795,2800,6595
25362,1563,3738,5301
25363,4498,2808,7306
25364,3539,5692,9231
25365,3374,1624,4998
25366,1784,3639,5423
25367,1954,2002,3956
25368,2101,2398,4499
25369,3224,843,4067
25370,709,294,1003
25371,7961,7451,15412
25372,12844,9323,22167
25373,5193,18501,23694
25374,17272,3580,20852
25375,504,28705,29209
25376,35590,732,36322
25377,486,20202,20688
25378,22125,458,22583
25379,209,5612,5821
25381,16472,9164,25636
25382,85,1684,1769
25383,661,903,1564
25384,12,3989,4001
25385,3896,31,3927
25386,676,5760,6436
25387,7958,372,8330
25388,4204,22733,26937
25501,1359,193,1552
25503,175,3499,3674
25505,2946,946,3892
25506,1169,145,1314
25508,5429,1563,6992
25509,347,83,430
25510,5937,2292,8229
25511,6575,3647,10222
25512,4391,1397,5788
25513,1721,210,1931
25514,4057,1130,5187
25516,1014,986,2000
25517,3722,2155,5877
25518,1251,3072,4323
25520,3216,686,3902
25521,450,306,756
25522,1526,487,2013
25523,6009,13237,19246
25524,1310,1231,2541
25525,981,2919,3900
25526,826,446,1272
25527,2146,4156,6302
25528,4373,2249,6622
25529,609,3014,3623
25530,5806,2853,8659
25532,5261,1188,6449
25533,3073,1164,4237
25534,5619,2663,8282
25535,2976,4624,7600
25536,6538,3584,10122
25537,4607,1834,6441
25538,5080,3182,8262
25539,3631,15560,19191
25540,1416,5679,7095
25541,3898,1436,5334
25542,1287,2104,3391
25543,4553,2699,7252
25544,1791,1329,3120
25545,1506,2945,4451
25546,1880,4508,6388
25547,11964,4682,16646
25549,8627,3791,12418
25550,3219,2003,5222
25551,7892,4622,12514
25552,4559,5116,9675
25553,10718,7319,18037
25554,3533,4428,7961
25556,2669,4800,7469
25557,6243,3960,10203
25558,1984,4546,6530
25559,1256,3773,5029
25560,5890,6921,12811
25561,367,10224,10591
25562,3125,2517,5642
25563,5446,1704,7150
25565,164,4782,4946
25566,386,2896,3282
25568,279,14606,14885
25570,9545,2862,12407
25571,2229,1861,4090
25574,341,927,1268
25575,2104,4405,6509
25576,5003,508,5511
25577,41,1077,1118
25578,2545,5733,8278
25579,4252,916,5168
25580,15,834,849
25581,2331,5043,7374
25582,2496,3492,5988
25583,19,715,734
25584,2241,4277,6518
25585,5296,8040,13336
25586,1553,1294,2847
25587,863,3722,4585
25589,1128,27,1155
25591,7035,9559,16594
25592,1135,39,1174
25594,3708,6473,10181
25595,588,126,714
25597,2937,6531,9468
25602,5074,2016,7090
25643,3202,9406,12608
25654,4397,10466,14863
25658,10364,3733,14097
25666,10766,269,11035
25667,1940,111,2051
25674,1297,1710,3007
25675,2587,1194,3781
25676,402,89,491
25677,1656,131,1787
25678,2472,458,2930
25679,154,2288,2442
25680,1366,211,1577
25681,164,2136,2300
25682,15082,3892,18974
25722,20899,6744,27643
25730,2873,2052,4925
25732,1377,4941,6318
25733,1654,3465,5119
25736,1569,3584,5153
25740,14497,4995,19492
25746,13,1452,1465
25749,1,127,128
25752,68,1202,1270
25753,304,8793,9097
25760,6,1389,1395
25761,693,9,702
25762,799,47,846
25763,27,789,816
25764,8,326,334
25990,2089,814,2903
